 0.000 , 1.000 
 0.200 , 1.000 
 0.400 , 1.000 
 0.600 , 1.000 
 0.800 , 1.000 
 1.000 , 0.999 
 1.200 , 0.997 
 1.250 , 0.996 
 1.300 , 0.995 
 1.350 , 0.993 
 1.400 , 0.991 
 1.450 , 0.989 
 1.500 , 0.987 
 1.550 , 0.983 
 1.600 , 0.980 
 1.650 , 0.975 
 1.700 , 0.970 
 1.750 , 0.964 
 1.800 , 0.957 
 1.850 , 0.948 
 1.900 , 0.938 
 1.950 , 0.926 
 2.000 , 0.912 
 2.050 , 0.893 
 2.100 , 0.869 
 2.150 , 0.835 
 2.200 , 0.785 
 2.250 , 0.680 
 2.300 , 0.376 
 2.350 , 0.188 
 2.400 , 0.128 
 2.450 , 0.097 
 2.500 , 0.078 
 2.550 , 0.070 
 2.600 , 0.060 
 2.650 , 0.055 
 2.700 , 0.050 
 2.750 , 0.046 
 2.950 , 0.035 
 3.150 , 0.029 
 3.350 , 0.027 
 3.550 , 0.024 
 3.750 , 0.022 
 3.950 , 0.021 
 4.150 , 0.020 
 4.350 , 0.019 
 4.550 , 0.018 
 4.750 , 0.017 
 4.950 , 0.017 
 5.150 , 0.016 
 5.350 , 0.016 
 5.550 , 0.016 
 5.750 , 0.015 
 5.950 , 0.015 
 6.150 , 0.015 
 6.350 , 0.015 
 6.550 , 0.014 
 6.750 , 0.014 
 6.950 , 0.014
