30000 , -0.969 
30100 , -0.969 
30200 , -0.938 
30300 , -0.969 
30400 , -0.969 
30500 , -1.000 
30600 , -1.000 
30700 , -0.969 
30800 , -1.000 
30900 , -1.000 
31000 , -1.000 
31100 , -0.906 
31200 , -0.938 
31300 , -0.969 
31400 , -1.000 
31500 , -1.000 
31600 , -0.969 
31700 , -0.969 
31800 , -0.938 
31900 , -0.969 
32000 , -1.000 
32100 , -1.000 
32200 , -1.000 
32300 , -1.000 
32400 , -0.875 
32500 , -0.969 
32600 , -0.969 
32700 , -1.000 
32800 , -1.000 
32900 , -0.969 
33000 , -0.969 
33100 , -0.969 
33200 , -0.938 
33300 , -0.969 
33400 , -0.969 
33500 , -0.969 
33600 , -0.906 
33700 , -0.938 
33800 , -0.969 
33900 , -0.844 
34000 , -1.000 
34100 , -0.906 
34200 , -0.750 
34300 , -1.000 
34400 , -0.938 
34500 , -1.000 
34600 , -0.938 
34700 , -1.000 
34800 , -1.000 
34900 , -0.969 
35000 , -0.969 
35100 , -1.000 
35200 , -0.969 
35300 , -1.000 
35400 , -0.969 
35500 , -1.000 
35600 , -0.875 
35700 , -0.938 
35800 , -1.000 
35900 , -0.812 
36000 , -0.938 
36100 , -0.938 
36200 , -0.969 
36300 , -1.000 
36400 , -0.969 
36500 , -0.812 
36600 , -1.000 
36700 , -1.000 
36800 , -1.000 
36900 , -0.969 
37000 , -1.000 
37100 , -0.562 
37200 , -0.969 
37300 , -0.938 
37400 , -0.906 
37500 , -0.969 
37600 , -0.969 
37700 , -1.000 
37800 , -1.000 
37900 , -1.000 
38000 , -1.000 
38100 , -1.000 
38200 , -0.969 
38300 , -1.000 
38400 , -0.969 
38500 , -0.969 
38600 , -1.000 
38700 , -0.969 
38800 , -0.906 
38900 , -0.938 
39000 , -0.969 
39100 , -1.000 
39200 , -0.906 
39300 , -1.000 
39400 , -1.000 
39500 , -0.969 
39600 , -1.000 
39700 , -0.938 
39800 , -1.000 
39900 , -1.000 
40000 , -1.000 
40100 , -1.000 
40200 , -0.938 
40300 , -0.938 
40400 , -1.000 
40500 , -0.969 
40600 , -1.000 
40700 , -0.969 
40800 , -0.969 
40900 , -1.000 
41000 , -0.906 
41100 , -1.000 
41200 , -0.875 
41300 , -1.000 
41400 , -1.000 
41500 , -1.000 
41600 , -0.906 
41700 , -1.000 
41800 , -0.938 
41900 , -0.938 
42000 , -1.000 
42100 , -1.000 
42200 , -0.875 
42300 , -1.000 
42400 , -1.000 
42500 , -1.000 
42600 , -1.000 
42700 , -0.938 
42800 , -0.938 
42900 , -0.969 
43000 , -1.000 
43100 , -1.000 
43200 , -0.969 
43300 , -1.000 
43400 , -0.969 
43500 , -0.969 
43600 , -1.000 
43700 , -1.000 
43800 , -0.969 
43900 , -0.969 
44000 , -1.000 
44100 , -0.938 
44200 , -1.000 
44300 , -0.875 
44400 , -0.938 
44500 , -0.969 
44600 , -1.000 
44700 , -1.000 
44800 , -1.000 
44900 , -0.969 
45000 , -1.000 
45100 , -1.000 
45200 , -1.000 
45300 , -0.969 
45400 , -0.938 
45500 , -0.969 
45600 , -0.875 
45700 , -0.969 
45800 , -0.938 
45900 , -0.969 
46000 , -1.000 
46100 , -0.875 
46200 , -0.969 
46300 , -0.938 
46400 , -0.938 
46500 , -0.969 
46600 , -0.969 
46700 , -1.000 
46800 , -1.000 
46900 , -0.969 
47000 , -1.000 
47100 , -0.969 
47200 , -0.844 
47300 , -1.000 
47400 , -1.000 
47500 , -1.000 
47600 , -0.969 
47700 , -0.906 
47800 , -0.938 
47900 , -1.000 
48000 , -1.000 
48100 , -1.000 
48200 , -1.000 
48300 , -1.000 
48400 , -0.969 
48500 , -1.000 
48600 , -1.000 
48700 , -0.875 
48800 , -0.938 
48900 , -0.969 
49000 , -0.938 
49100 , -1.000 
49200 , -0.938 
49300 , -1.000 
49400 , -1.000 
49500 , -1.000 
49600 , -0.969 
49700 , -0.969 
49800 , -0.938 
49900 , -1.000 
50000 , -0.969 
50100 , -1.000 
50200 , -0.938 
50300 , -1.000 
50400 , -1.000 
50500 , -1.000 
50600 , -1.000 
50700 , -1.000 
50800 , -0.969 
50900 , -1.000 
51000 , -0.906 
51100 , -1.000 
51200 , -0.938 
51300 , -0.969 
51400 , -0.938 
51500 , -1.000 
51600 , -0.969 
51700 , -0.875 
51800 , -1.000 
51900 , -1.000 
52000 , -1.000 
52100 , -0.969 
52200 , -0.719 
52300 , -0.969 
52400 , -1.000 
52500 , -0.875 
52600 , -1.000 
52700 , -1.000 
52800 , -0.969 
52900 , -0.969 
53000 , -1.000 
53100 , -0.969 
53200 , -0.969 
53300 , -1.000 
53400 , -1.000 
53500 , -1.000 
53600 , -0.969 
53700 , -0.938 
53800 , -1.000 
53900 , -1.000 
54000 , -1.000 
54100 , -1.000 
54200 , -1.000 
54300 , -0.938 
54400 , -1.000 
54500 , -0.969 
54600 , -1.000 
54700 , -1.000 
54800 , -1.000 
54900 , -1.000 
55000 , -0.844 
55100 , -0.906 
55200 , -0.906 
55300 , -0.938 
55400 , -0.938 
55500 , -0.969 
55600 , -0.906 
55700 , -1.000 
55800 , -0.938 
55900 , -1.000 
56000 , -0.938 
56100 , -1.000 
56200 , -1.000 
56300 , -1.000 
56400 , -0.781 
56500 , -0.969 
56600 , -1.000 
56700 , -0.969 
56800 , -1.000 
56900 , -1.000 
57000 , -1.000 
57100 , -0.969 
57200 , -0.938 
57300 , -0.969 
57400 , -0.938 
57500 , -0.938 
57600 , -0.969 
57700 , -0.969 
57800 , -0.969 
57900 , -1.000 
58000 , -1.000 
58100 , -0.844 
58200 , -0.906 
58300 , -0.969 
58400 , -1.000 
58500 , -0.969 
58600 , -0.969 
58700 , -0.969 
58800 , -0.969 
58900 , -1.000 
59000 , -0.969 
59100 , -0.969 
59200 , -0.844 
59300 , -1.000 
59400 , -0.969 
59500 , -0.906 
59600 , -0.844 
59700 , -0.969 
59800 , -1.000 
59900 , -1.000 
60000 , -0.938 
60100 , -1.000 
60200 , -0.969 
60300 , -0.906 
60400 , -0.938 
60500 , -1.000 
60600 , -1.000 
60700 , -0.938 
60800 , -0.969 
60900 , -1.000 
61000 , -1.000 
61100 , -1.000 
61200 , -0.969 
61300 , -0.969 
61400 , -1.000 
61500 , -1.000 
61600 , -1.000 
61700 , -0.969 
61800 , -0.969 
61900 , -1.000 
62000 , -0.938 
62100 , -1.000 
62200 , -1.000 
62300 , -0.906 
62400 , -0.969 
62500 , -0.906 
62600 , -0.938 
62700 , -0.969 
62800 , -1.000 
62900 , -1.000 
63000 , -1.000 
63100 , -1.000 
63200 , -1.000 
63300 , -0.969 
63400 , -1.000 
63500 , -0.938 
63600 , -1.000 
63700 , -0.969 
63800 , -1.000 
63900 , -1.000 
64000 , -1.000 
64100 , -0.969 
64200 , -0.906 
64300 , -1.000 
64400 , -0.969 
64500 , -0.906 
64600 , -0.969 
64700 , -1.000 
64800 , -1.000 
64900 , -1.000 
65000 , -0.969 
65100 , -0.969 
65200 , -0.906 
65300 , -0.969 
65400 , -1.000 
65500 , -1.000 
65600 , -1.000 
65700 , -1.000 
65800 , -1.000 
65900 , -0.938 
66000 , -1.000 
66100 , -0.969 
66200 , -0.969 
66300 , -0.938 
66400 , -0.812 
66500 , -0.969 
66600 , -0.969 
66700 , -0.938 
66800 , -1.000 
66900 , -0.938 
67000 , -0.875 
67100 , -0.938 
67200 , -1.000 
67300 , -0.906 
67400 , -0.906 
67500 , -1.000 
67600 , -0.969 
67700 , -0.969 
67800 , -0.938 
67900 , -0.969 
68000 , -0.969 
68100 , -1.000 
68200 , -1.000 
68300 , -1.000 
68400 , -0.969 
68500 , -1.000 
68600 , -0.969 
68700 , -1.000 
68800 , -1.000 
68900 , -0.969 
69000 , -1.000 
69100 , -0.969 
69200 , -1.000 
69300 , -0.969 
69400 , -1.000 
69500 , -0.969 
69600 , -1.000 
69700 , -1.000 
69800 , -1.000 
69900 , -0.969 
70000 , -0.906 
70100 , -0.812 
70200 , -0.969 
70300 , -1.000 
70400 , -1.000 
70500 , -0.844 
70600 , -1.000 
70700 , -1.000 
70800 , -0.969 
70900 , -1.000 
71000 , -1.000 
71100 , -1.000 
71200 , -0.812 
71300 , -0.938 
71400 , -0.969 
71500 , -0.969 
71600 , -1.000 
71700 , -0.969 
71800 , -1.000 
71900 , -1.000 
72000 , -0.938 
72100 , -1.000 
72200 , -1.000 
72300 , -0.969 
72400 , -1.000 
72500 , -1.000 
72600 , -0.969 
72700 , -1.000 
72800 , -1.000 
72900 , -1.000 
73000 , -1.000 
73100 , -1.000 
73200 , -1.000 
73300 , -0.938 
73400 , -1.000 
73500 , -1.000 
73600 , -1.000 
73700 , -1.000 
73800 , -1.000 
73900 , -0.906 
74000 , -1.000 
74100 , -1.000 
74200 , -1.000 
74300 , -0.969 
74400 , -1.000 
74500 , -0.969 
74600 , -1.000 
74700 , -0.938 
74800 , -0.938 
74900 , -1.000 
75000 , -1.000 
75100 , -1.000 
75200 , -1.000 
75300 , -0.938 
75400 , -0.969 
75500 , -1.000 
75600 , -0.969 
75700 , -1.000 
75800 , -0.969 
75900 , -1.000 
76000 , -0.969 
76100 , -0.969 
76200 , -0.938 
76300 , -1.000 
76400 , -0.969 
76500 , -0.938 
76600 , -1.000 
76700 , -0.938 
76800 , -1.000 
76900 , -1.000 
77000 , -1.000 
77100 , -0.969 
77200 , -0.969 
77300 , -1.000 
77400 , -0.969 
77500 , -0.969 
77600 , -0.875 
77700 , -0.969 
77800 , -1.000 
77900 , -1.000 
78000 , -1.000 
78100 , -0.969 
78200 , -1.000 
78300 , -1.000 
78400 , -1.000 
78500 , -1.000 
78600 , -1.000 
78700 , -0.969 
78800 , -0.906 
78900 , -0.969 
79000 , -1.000 
79100 , -1.000 
79200 , -0.938 
79300 , -1.000 
79400 , -0.969 
79500 , -0.969 
79600 , -0.969 
79700 , -1.000 
79800 , -0.969 
79900 , -0.969 
80000 , -0.969 
80100 , -0.969 
80200 , -1.000 
80300 , -1.000 
80400 , -1.000 
80500 , -1.000 
80600 , -0.969 
80700 , -0.938 
80800 , -1.000 
80900 , -1.000 
81000 , -0.969 
81100 , -0.938 
81200 , -0.969 
81300 , -1.000 
81400 , -0.969 
81500 , -0.938 
81600 , -0.938 
81700 , -1.000 
81800 , -0.906 
81900 , -1.000 
82000 , -1.000 
82100 , -0.969 
82200 , -1.000 
82300 , 0.969 
82400 , 0.969 
82500 , 1.000 
82600 , 0.844 
82700 , 0.938 
82800 , 0.938 
82900 , 0.906 
83000 , 0.906 
83100 , 0.906 
83200 , 0.969 
83300 , 0.969 
83400 , 1.000 
83500 , 0.906 
83600 , 1.000 
83700 , 0.969 
83800 , 0.969 
83900 , 1.000 
84000 , 0.906 
84100 , 0.906 
84200 , 0.844 
84300 , 1.000 
84400 , 1.000 
84500 , 1.000 
84600 , 0.938 
84700 , 1.000 
84800 , 0.969 
84900 , 0.875 
85000 , 0.938 
85100 , 1.000 
85200 , 1.000 
85300 , 1.000 
85400 , 0.938 
85500 , 1.000 
85600 , 1.000 
85700 , 0.969 
85800 , 1.000 
85900 , 0.906 
86000 , 1.000 
86100 , 1.000 
86200 , 0.969 
86300 , 0.906 
86400 , 1.000 
86500 , 0.969 
86600 , 1.000 
86700 , 1.000 
86800 , 0.906 
86900 , 1.000 
87000 , 0.969 
87100 , 0.969 
87200 , 0.969 
87300 , 0.969 
87400 , 0.906 
87500 , 1.000 
87600 , 0.938 
87700 , 0.844 
87800 , 1.000 
87900 , 0.938 
88000 , 1.000 
88100 , 0.969 
88200 , 0.969 
88300 , 1.000 
88400 , 1.000 
88500 , 0.969 
88600 , 0.844 
88700 , 1.000 
88800 , 1.000 
88900 , 0.969 
89000 , 0.969 
89100 , 0.969 
89200 , 0.969 
89300 , 1.000 
89400 , 1.000 
89500 , 0.938 
89600 , 0.938 
89700 , 1.000 
89800 , 0.938 
89900 , 0.938 
90000 , 0.875 
90100 , 0.969 
90200 , 0.938 
90300 , 0.969 
90400 , 0.875 
90500 , 0.969 
90600 , 1.000 
90700 , 0.969 
90800 , 0.969 
90900 , 0.969 
91000 , 0.969 
91100 , 1.000 
91200 , 1.000 
91300 , 1.000 
91400 , 0.906 
91500 , 0.969 
91600 , 0.938 
91700 , 0.969 
91800 , 1.000 
91900 , 0.938 
92000 , 1.000 
92100 , 0.938 
92200 , 0.969 
92300 , 1.000 
92400 , 0.906 
92500 , 0.875 
92600 , 0.938 
92700 , 0.906 
92800 , 1.000 
92900 , 1.000 
93000 , 1.000 
93100 , 1.000 
93200 , 1.000 
93300 , 1.000 
93400 , 0.844 
93500 , 0.938 
93600 , 0.938 
93700 , 0.906 
93800 , 0.938 
93900 , 1.000 
94000 , 0.969 
94100 , 1.000 
94200 , 0.938 
94300 , 0.969 
94400 , 1.000 
94500 , 0.969 
94600 , 1.000 
94700 , 1.000 
94800 , 1.000 
94900 , 0.906 
95000 , 0.969 
95100 , 0.875 
95200 , 1.000 
95300 , 1.000 
95400 , 0.969 
95500 , 0.969 
95600 , 0.844 
95700 , 0.969 
95800 , 1.000 
95900 , 0.969 
96000 , 0.938 
96100 , 0.938 
96200 , 1.000 
96300 , 0.938 
96400 , 0.969 
96500 , 0.969 
96600 , 1.000 
96700 , 0.938 
96800 , 1.000 
96900 , 1.000 
97000 , 0.969 
97100 , 1.000 
97200 , 1.000 
97300 , 0.969 
97400 , 1.000 
97500 , 0.969 
97600 , 0.938 
97700 , 0.969 
97800 , 1.000 
97900 , 1.000 
98000 , 1.000 
98100 , 1.000 
98200 , 0.969 
98300 , 1.000 
98400 , 0.688 
98500 , 1.000 
98600 , 0.938 
98700 , 1.000 
98800 , 1.000 
98900 , 0.906 
99000 , 0.938 
99100 , 1.000 
99200 , 1.000 
99300 , 0.969 
99400 , 0.906 
99500 , 0.906 
99600 , 0.969 
99700 , 1.000 
99800 , 0.969 
99900 , 0.969 
100000 , 0.969 
100100 , 1.000 
100200 , 0.812 
100300 , 0.969 
100400 , 0.969 
100500 , 1.000 
100600 , 1.000 
100700 , 0.969 
100800 , 0.938 
100900 , 1.000 
101000 , 0.969 
101100 , 1.000 
101200 , 0.938 
101300 , 0.969 
101400 , 0.969 
101500 , 1.000 
101600 , 1.000 
101700 , 0.938 
101800 , 0.906 
101900 , 0.938 
102000 , 0.875 
102100 , 1.000 
102200 , 1.000 
102300 , 1.000 
102400 , 1.000 
102500 , 0.906 
102600 , 0.969 
102700 , 0.969 
102800 , 0.938 
102900 , 1.000 
103000 , 1.000 
103100 , 0.969 
103200 , 0.938 
103300 , 1.000 
103400 , 1.000 
103500 , 0.906 
103600 , 0.906 
103700 , 0.875 
103800 , 0.969 
103900 , 1.000 
104000 , 0.938 
104100 , 1.000 
104200 , 1.000 
104300 , 0.969 
104400 , 0.906 
104500 , 1.000 
104600 , 1.000 
104700 , 0.969 
104800 , 1.000 
104900 , 0.969 
105000 , 1.000 
105100 , 1.000 
105200 , 1.000 
105300 , 0.875 
105400 , 1.000 
105500 , 0.969 
105600 , 1.000 
105700 , 0.969 
105800 , 0.969 
105900 , 1.000 
106000 , 0.938 
106100 , 1.000 
106200 , 0.938 
106300 , 1.000 
106400 , 0.969 
106500 , 1.000 
106600 , 1.000 
106700 , 0.969 
106800 , 0.969 
106900 , 0.938 
107000 , 1.000 
107100 , 0.938 
107200 , 0.938 
107300 , 1.000 
107400 , 1.000 
107500 , 0.906 
107600 , 0.938 
107700 , 0.938 
107800 , 0.938 
107900 , 0.969 
108000 , 1.000 
108100 , 0.969 
108200 , 0.969 
108300 , 0.875 
108400 , 0.969 
108500 , 0.938 
108600 , 0.969 
108700 , 1.000 
108800 , 0.938 
108900 , 1.000 
109000 , 1.000 
109100 , 1.000 
109200 , 0.969 
109300 , 1.000 
109400 , 0.969 
109500 , 1.000 
109600 , 1.000 
109700 , 0.906 
109800 , 0.844 
109900 , 0.938 
110000 , 0.969 
110100 , 0.969 
110200 , 0.969 
110300 , 0.969 
110400 , 0.906 
110500 , 0.969 
110600 , 0.969 
110700 , 1.000 
110800 , 1.000 
110900 , 1.000 
111000 , 1.000 
111100 , 0.938 
111200 , 0.938 
111300 , 0.969 
111400 , 1.000 
111500 , 0.938 
111600 , 0.969 
111700 , 1.000 
111800 , 1.000 
111900 , 1.000 
112000 , 0.875 
112100 , 1.000 
112200 , 1.000 
112300 , 0.969 
112400 , 0.969 
112500 , 0.969 
112600 , 1.000 
112700 , 1.000 
112800 , 0.906 
112900 , 1.000 
113000 , 0.969 
113100 , 1.000 
113200 , 1.000 
113300 , 0.969 
113400 , 0.875 
113500 , 0.938 
113600 , 0.938 
113700 , 0.969 
113800 , 1.000 
113900 , 1.000 
114000 , 1.000 
114100 , 1.000 
114200 , 0.969 
114300 , 1.000 
114400 , 1.000 
114500 , 1.000 
114600 , 0.906 
114700 , 0.969 
114800 , 0.969 
114900 , 0.969 
115000 , 0.969 
115100 , 0.969 
115200 , 1.000 
115300 , 0.969 
115400 , 0.969 
115500 , 1.000 
115600 , 1.000 
115700 , 0.969 
115800 , 0.969 
115900 , 0.969 
116000 , 0.969 
116100 , 0.969 
116200 , 0.969 
116300 , 1.000 
116400 , 0.969 
116500 , 0.969 
116600 , 0.969 
116700 , 1.000 
116800 , 1.000 
116900 , 1.000 
117000 , 0.938 
117100 , 1.000 
117200 , 0.938 
117300 , 0.969 
117400 , 1.000 
117500 , 0.938 
117600 , 1.000 
117700 , 1.000 
117800 , 0.969 
117900 , 1.000 
118000 , 1.000 
118100 , 0.906 
118200 , 0.969 
118300 , 1.000 
118400 , 1.000 
118500 , 0.969 
118600 , 1.000 
118700 , 0.969 
118800 , 1.000 
118900 , 1.000 
119000 , 1.000 
119100 , 1.000 
119200 , 1.000 
119300 , 0.969 
119400 , 1.000 
119500 , 0.938 
119600 , 1.000 
119700 , 1.000 
119800 , 1.000 
119900 , 0.969 
120000 , 1.000 
120100 , 0.969 
120200 , 0.969 
120300 , 1.000 
120400 , 0.969 
120500 , 1.000 
120600 , 0.781 
120700 , 0.938 
120800 , 0.969 
120900 , 0.938 
121000 , 1.000 
121100 , 0.969 
121200 , 0.969 
121300 , 0.938 
121400 , 0.969 
121500 , 1.000 
121600 , 0.969 
121700 , 1.000 
121800 , 0.969 
121900 , 0.969 
122000 , 0.969 
122100 , 1.000 
122200 , 1.000 
122300 , 0.969 
122400 , 1.000 
122500 , 0.938 
122600 , 1.000 
122700 , 1.000 
122800 , 1.000 
122900 , 1.000 
123000 , 0.938 
123100 , 0.938 
123200 , 1.000 
123300 , 0.875 
123400 , 0.938 
123500 , 0.938 
123600 , 1.000 
123700 , 0.969 
123800 , 1.000 
123900 , 1.000 
124000 , 1.000 
124100 , 0.938 
124200 , 0.938 
124300 , 1.000 
124400 , 0.844 
124500 , 0.969 
124600 , 0.969 
124700 , 0.969 
124800 , 0.906 
124900 , 0.969 
125000 , 0.969 
125100 , 0.969 
125200 , 1.000 
125300 , 1.000 
125400 , 1.000 
125500 , 1.000 
125600 , 1.000 
125700 , 1.000 
125800 , 0.969 
125900 , 0.969 
126000 , 1.000 
126100 , 1.000 
126200 , 1.000 
126300 , 0.938 
126400 , 0.969 
126500 , 0.844 
126600 , 1.000 
126700 , 0.969 
126800 , 1.000 
126900 , 1.000 
127000 , 0.969 
127100 , 0.969 
127200 , 0.969 
127300 , 1.000 
127400 , 1.000 
127500 , 1.000 
127600 , 1.000 
127700 , 0.938 
127800 , 0.969 
127900 , 0.938 
128000 , 1.000 
128100 , 0.906 
128200 , 0.906 
128300 , 0.812 
128400 , 0.906 
128500 , 0.969 
128600 , 1.000 
128700 , 0.969 
128800 , 0.969 
128900 , 1.000 
129000 , 1.000 
129100 , 0.875 
129200 , 0.969 
129300 , 1.000 
129400 , 1.000 
129500 , 1.000 
129600 , 1.000 
129700 , 1.000 
129800 , 0.969 
129900 , 0.969 
130000 , 1.000 
130100 , 0.969 
130200 , 0.938 
130300 , 1.000 
130400 , 1.000 
130500 , 0.938 
130600 , 1.000 
130700 , 0.906 
130800 , 0.969 
130900 , 0.969 
131000 , 0.969 
131100 , 0.938 
131200 , 1.000 
131300 , 1.000 
131400 , 0.688 
131500 , 0.969 
131600 , 1.000 
131700 , 0.969 
131800 , 0.969 
131900 , 1.000 
132000 , 0.875 
132100 , 1.000 
132200 , 0.969 
132300 , 1.000 
132400 , 0.938 
132500 , 1.000 
132600 , 0.969 
132700 , 0.969 
132800 , 0.969 
132900 , 0.906 
133000 , 0.938 
133100 , 1.000 
133200 , 1.000 
133300 , 1.000 
133400 , 0.969 
133500 , 0.938 
133600 , 1.000 
133700 , 1.000 
133800 , 1.000 
133900 , 0.938 
134000 , 1.000 
134100 , 0.969 
134200 , 1.000 
134300 , 0.969 
134400 , 0.938 
134500 , 0.969 
134600 , 0.938 
134700 , 0.969 
134800 , 0.969 
134900 , 0.781 
135000 , 1.000 
135100 , 1.000 
135200 , 0.969 
135300 , 0.969 
135400 , 1.000 
135500 , 0.969 
135600 , 1.000 
135700 , 0.938 
135800 , 0.969 
135900 , 0.938 
136000 , 0.969 
136100 , 0.906 
136200 , 0.969 
136300 , 1.000 
136400 , 1.000 
136500 , 1.000 
136600 , 0.969 
136700 , 0.969 
136800 , 1.000 
136900 , 0.938 
137000 , 1.000 
137100 , 1.000 
137200 , 1.000 
137300 , 1.000 
137400 , 0.969 
137500 , 1.000 
137600 , 1.000 
137700 , 0.938 
137800 , 0.906 
137900 , 0.969 
138000 , 0.906 
138100 , 0.969 
138200 , 1.000 
138300 , 1.000 
138400 , 1.000 
138500 , 0.938 
138600 , 0.969 
138700 , 0.938 
138800 , 0.969 
138900 , 0.969 
139000 , 0.969 
139100 , 0.969 
139200 , 0.969 
139300 , 1.000 
139400 , 0.969 
139500 , 0.969 
139600 , 1.000 
139700 , 0.969 
139800 , 0.906 
139900 , 1.000 
140000 , 1.000 
140100 , 1.000 
140200 , 1.000 
140300 , 0.938 
140400 , 0.969 
140500 , 0.969 
140600 , 1.000 
140700 , 0.969 
140800 , 1.000 
140900 , 0.938 
141000 , 1.000 
141100 , 1.000 
141200 , 0.938 
141300 , 0.938 
141400 , 1.000 
141500 , 1.000 
141600 , 0.875 
141700 , 0.969 
141800 , 0.969 
141900 , 0.938 
142000 , 1.000 
142100 , 0.969 
142200 , 0.844 
142300 , 1.000 
142400 , 1.000 
142500 , 0.938 
142600 , 1.000 
142700 , 1.000 
142800 , 1.000 
142900 , 1.000 
143000 , 1.000 
143100 , 0.969 
143200 , 1.000 
143300 , 1.000 
143400 , 0.938 
143500 , 1.000 
143600 , 0.969 
143700 , 0.969 
143800 , 0.969 
143900 , 0.969 
144000 , 1.000 
144100 , 1.000 
144200 , 0.938 
144300 , 0.844 
144400 , 0.844 
144500 , 0.969 
144600 , 1.000 
144700 , 1.000 
144800 , 0.906 
144900 , 1.000 
145000 , 1.000 
145100 , 0.969 
145200 , 1.000 
145300 , 0.969 
145400 , 0.938 
145500 , 1.000 
145600 , 0.969 
145700 , 0.969 
145800 , 0.969 
145900 , 0.906 
146000 , 1.000 
146100 , 1.000 
146200 , 1.000 
146300 , 1.000 
146400 , 0.969 
146500 , 0.969 
146600 , 1.000 
146700 , 1.000 
146800 , 0.969 
146900 , 0.969 
147000 , 0.969 
147100 , 0.938 
147200 , 1.000 
147300 , 1.000 
147400 , 0.906 
147500 , 0.969 
147600 , 0.969 
147700 , 1.000 
147800 , 1.000 
147900 , 1.000 
148000 , 0.906 
148100 , 0.938 
148200 , 0.969 
148300 , 1.000 
148400 , 1.000 
148500 , 1.000 
148600 , 1.000 
148700 , 1.000 
148800 , 0.938 
148900 , 0.969 
149000 , 0.969 
149100 , 1.000 
149200 , 0.969 
149300 , 0.969 
149400 , 0.969 
149500 , 1.000 
149600 , 1.000 
149700 , 0.844 
149800 , 0.938 
149900 , 1.000 
150000 , 1.000 
150100 , 1.000 
150200 , 1.000 
150300 , 0.969 
150400 , 0.969 
150500 , 0.844 
150600 , 1.000 
150700 , 1.000 
150800 , 0.969 
150900 , 0.969 
151000 , 1.000 
151100 , 1.000 
151200 , 0.969 
151300 , 0.969 
151400 , 0.938 
151500 , 1.000 
151600 , 1.000 
151700 , 1.000 
151800 , 1.000 
151900 , 0.938 
152000 , 0.938 
152100 , 1.000 
152200 , 1.000 
152300 , 1.000 
152400 , 0.969 
152500 , 0.938 
152600 , 1.000 
152700 , 1.000 
152800 , 1.000 
152900 , 1.000 
153000 , 1.000 
153100 , 0.938 
153200 , 0.938 
153300 , 1.000 
153400 , 0.938 
153500 , 1.000 
153600 , 1.000 
153700 , 1.000 
153800 , 0.844 
153900 , 1.000 
154000 , 0.969 
154100 , 0.906 
154200 , 1.000 
154300 , 1.000 
154400 , 1.000 
154500 , 0.969 
154600 , 1.000 
154700 , 0.969 
154800 , 0.875 
154900 , 0.969 
155000 , 0.969 
155100 , 0.969 
155200 , 1.000 
155300 , 0.906 
155400 , 0.969 
155500 , 0.969 
155600 , 1.000 
155700 , 0.906 
155800 , 1.000 
155900 , 1.000 
156000 , 0.938 
156100 , 0.812 
156200 , 0.875 
156300 , 0.938 
156400 , 1.000 
156500 , 0.906 
156600 , 0.906 
156700 , 1.000 
156800 , 0.906 
156900 , 0.906 
157000 , 0.969 
157100 , 1.000 
157200 , 0.969 
157300 , 0.906 
157400 , 0.969 
157500 , 1.000 
157600 , 1.000 
157700 , 0.812 
157800 , 1.000 
157900 , 0.938 
158000 , 1.000 
158100 , 0.938 
158200 , 0.906 
158300 , 0.969 
158400 , 1.000 
158500 , 0.938 
158600 , 1.000 
158700 , 1.000 
158800 , 0.969 
158900 , 0.969 
159000 , 0.969 
159100 , 1.000 
159200 , 0.969 
159300 , 1.000 
159400 , 0.969 
159500 , 0.969 
159600 , 0.969 
159700 , 0.969 
159800 , 1.000 
159900 , 1.000 
160000 , 0.969 
160100 , 0.969 
160200 , 1.000 
160300 , 0.906 
160400 , 1.000 
160500 , 1.000 
160600 , 0.969 
160700 , 0.938 
160800 , 0.938 
160900 , 0.906 
161000 , 0.812 
161100 , 0.969 
161200 , 0.969 
161300 , 1.000 
161400 , 1.000 
161500 , 1.000 
161600 , 0.875 
161700 , 0.969 
161800 , 1.000 
161900 , 1.000 
162000 , 0.906 
162100 , 1.000 
162200 , 0.969 
162300 , 0.906 
162400 , 0.969 
162500 , 0.938 
162600 , 0.938 
162700 , 1.000 
162800 , 0.969 
162900 , 1.000 
163000 , 1.000 
163100 , 1.000 
163200 , 1.000 
163300 , 0.938 
163400 , 0.906 
163500 , 0.969 
163600 , 0.938 
163700 , 1.000 
163800 , 0.906 
163900 , 0.969 
164000 , 0.938 
164100 , 1.000 
164200 , 1.000 
164300 , 1.000 
164400 , 0.906 
164500 , 1.000 
164600 , 1.000 
164700 , 1.000 
164800 , 1.000 
164900 , 1.000 
165000 , 1.000 
165100 , 0.906 
165200 , 0.969 
165300 , 0.969 
165400 , 0.969 
165500 , 0.906 
165600 , 0.812 
165700 , 1.000 
165800 , 1.000 
165900 , 1.000 
166000 , 0.938 
166100 , 0.969 
166200 , 0.969 
166300 , 1.000 
166400 , 1.000 
166500 , 1.000 
166600 , 0.969 
166700 , 0.969 
166800 , 0.969 
166900 , 0.938 
167000 , 1.000 
167100 , 0.875 
167200 , 1.000 
167300 , 0.969 
167400 , 1.000 
167500 , 1.000 
167600 , 1.000 
167700 , 0.969 
167800 , 1.000 
167900 , 0.969 
168000 , 1.000 
168100 , 0.938 
168200 , 0.969 
168300 , 0.906 
168400 , 1.000 
168500 , 1.000 
168600 , 0.938 
168700 , 0.906 
168800 , 0.938 
168900 , 0.969 
169000 , 0.938 
169100 , 1.000 
169200 , 1.000 
169300 , 0.969 
169400 , 0.969 
169500 , 0.906 
169600 , 0.969 
169700 , 0.750 
169800 , 0.969 
169900 , 0.969 
170000 , 1.000 
170100 , 1.000 
170200 , 1.000 
170300 , 1.000 
170400 , 0.969 
170500 , 0.938 
170600 , 0.938 
170700 , 1.000 
170800 , 1.000 
170900 , 0.844 
171000 , 0.969 
171100 , 0.875 
171200 , 1.000 
171300 , 0.969 
171400 , 0.969 
171500 , 1.000 
171600 , 1.000 
171700 , 1.000 
171800 , 0.969 
171900 , 1.000 
172000 , 0.844 
172100 , 0.969 
172200 , 0.938 
172300 , 1.000 
172400 , 1.000 
172500 , 1.000 
172600 , 1.000 
172700 , 0.969 
172800 , 0.906 
172900 , 1.000 
173000 , 1.000 
173100 , 1.000 
173200 , 1.000 
173300 , 0.969 
173400 , 0.875 
173500 , 1.000 
173600 , 0.906 
173700 , 0.969 
173800 , 1.000 
173900 , 1.000 
174000 , 0.969 
174100 , 0.906 
174200 , 1.000 
174300 , 0.969 
174400 , 0.938 
174500 , 1.000 
174600 , 0.812 
174700 , 1.000 
174800 , 1.000 
174900 , 0.969 
175000 , 0.875 
175100 , 0.844 
175200 , 0.969 
175300 , 0.969 
175400 , 0.875 
175500 , 0.969 
175600 , 0.969 
175700 , 1.000 
175800 , 1.000 
175900 , 0.969 
176000 , 1.000 
176100 , 1.000 
176200 , 1.000 
176300 , 0.906 
176400 , 1.000 
176500 , 1.000 
176600 , 1.000 
176700 , 1.000 
176800 , 1.000 
176900 , 1.000 
177000 , 1.000 
177100 , 0.875 
177200 , 0.875 
177300 , 0.938 
177400 , 0.969 
177500 , 1.000 
177600 , 1.000 
177700 , 0.938 
177800 , 0.969 
177900 , 0.812 
178000 , 0.969 
178100 , 0.844 
178200 , 1.000 
178300 , 0.969 
178400 , 0.969 
178500 , 0.938 
178600 , 1.000 
178700 , 0.969 
178800 , 1.000 
178900 , 1.000 
179000 , 0.969 
179100 , 0.969 
179200 , 0.969 
179300 , 0.938 
179400 , 0.938 
179500 , 1.000 
179600 , 0.969 
179700 , 1.000 
179800 , 1.000 
179900 , 1.000 
180000 , 1.000 
180100 , 1.000 
180200 , 1.000 
180300 , 0.875 
180400 , 1.000 
180500 , 1.000 
180600 , 0.969 
180700 , 0.938 
180800 , 0.969 
180900 , 0.844 
181000 , 0.969 
181100 , 1.000 
181200 , 0.969 
181300 , 1.000 
181400 , 1.000 
181500 , 1.000 
181600 , 0.906 
181700 , 1.000 
181800 , 1.000 
181900 , 1.000 
182000 , 0.969 
182100 , 1.000 
182200 , 0.938 
182300 , 1.000 
182400 , 0.969 
182500 , 0.875 
182600 , 0.969 
182700 , 0.969 
182800 , 0.969 
182900 , 1.000 
183000 , 0.969 
183100 , 0.906 
183200 , 0.906 
183300 , 1.000 
183400 , 1.000 
183500 , 0.969 
183600 , 0.969 
183700 , 1.000 
183800 , 1.000 
183900 , 1.000 
184000 , 0.969 
184100 , 0.969 
184200 , 0.969 
184300 , 0.969 
184400 , 0.969 
184500 , 0.938 
184600 , 0.938 
184700 , 1.000 
184800 , 1.000 
184900 , 1.000 
185000 , 0.969 
185100 , 1.000 
185200 , 1.000 
185300 , 0.844 
185400 , 0.969 
185500 , 0.938 
185600 , 0.969 
185700 , 0.969 
185800 , 0.969 
185900 , 1.000 
186000 , 1.000 
186100 , 1.000 
186200 , 1.000 
186300 , 1.000 
186400 , 1.000 
186500 , 0.969 
186600 , 0.938 
186700 , 1.000 
186800 , 1.000 
186900 , 0.969 
187000 , 0.906 
187100 , 1.000 
187200 , 0.906 
187300 , 0.969 
187400 , 1.000 
187500 , 0.969 
187600 , 1.000 
187700 , 0.812 
187800 , 1.000 
187900 , 1.000 
188000 , 0.969 
188100 , 0.938 
188200 , 1.000 
188300 , 0.969 
188400 , 0.625 
188500 , 1.000 
188600 , 0.969 
188700 , 0.969 
188800 , 0.969 
188900 , 1.000 
189000 , 0.938 
189100 , 0.969 
189200 , 0.812 
189300 , 1.000 
189400 , 0.969 
189500 , 0.969 
189600 , 1.000 
189700 , 0.969 
189800 , 1.000 
189900 , 0.969 
190000 , 0.969 
190100 , 1.000 
190200 , 0.969 
190300 , 1.000 
190400 , 0.844 
190500 , 1.000 
190600 , 1.000 
190700 , 1.000 
190800 , 0.969 
190900 , 1.000 
191000 , 0.969 
191100 , 1.000 
191200 , 0.906 
191300 , 0.969 
191400 , 1.000 
191500 , 1.000 
191600 , 0.969 
191700 , 1.000 
191800 , 1.000 
191900 , 0.875 
192000 , 0.969 
192100 , 1.000 
192200 , 1.000 
192300 , 0.906 
192400 , 0.969 
192500 , 0.969 
192600 , 1.000 
192700 , 0.969 
192800 , 1.000 
192900 , 1.000 
193000 , 1.000 
193100 , 1.000 
193200 , 1.000 
193300 , 0.969 
193400 , 0.938 
193500 , 1.000 
193600 , 0.875 
193700 , 1.000 
193800 , 0.938 
193900 , 1.000 
194000 , 0.969 
194100 , 1.000 
194200 , 1.000 
194300 , 0.938 
194400 , 1.000 
194500 , 0.969 
194600 , 0.969 
194700 , 0.938 
194800 , 0.875 
194900 , 1.000 
195000 , 0.969 
195100 , 0.938 
195200 , 1.000 
195300 , 0.969 
195400 , 0.938 
195500 , 0.906 
195600 , 1.000 
195700 , 1.000 
195800 , 0.812 
195900 , 1.000 
196000 , 0.969 
196100 , 1.000 
196200 , 0.938 
196300 , 0.969 
196400 , 0.969 
196500 , 0.875 
196600 , 0.906 
196700 , 0.938 
196800 , 1.000 
196900 , 0.969 
197000 , 0.969 
197100 , 0.875 
197200 , 1.000 
197300 , 0.969 
197400 , 1.000 
197500 , 1.000 
197600 , 1.000 
197700 , 0.969 
197800 , 1.000 
197900 , 1.000 
198000 , 0.969 
198100 , 1.000 
198200 , 0.875 
198300 , 1.000 
198400 , 1.000 
198500 , 1.000 
198600 , 1.000 
198700 , 0.969 
198800 , 0.969 
198900 , 0.969 
199000 , 0.969 
199100 , 1.000 
199200 , 0.969 
199300 , 0.938 
199400 , 0.969 
199500 , 0.969 
199600 , 1.000 
199700 , 0.938 
199800 , 0.969 
199900 , 0.938 
200000 , 1.000 
200100 , 1.000 
200200 , 1.000 
200300 , 0.969 
200400 , 0.969 
200500 , 0.969 
200600 , 1.000 
200700 , 1.000 
200800 , 1.000 
200900 , 1.000 
201000 , 1.000 
201100 , 1.000 
201200 , 0.938 
201300 , 1.000 
201400 , 0.969 
201500 , 0.969 
201600 , 1.000 
201700 , 0.969 
201800 , 0.969 
201900 , 0.969 
202000 , 1.000 
202100 , 0.938 
202200 , 1.000 
202300 , 0.875 
202400 , 1.000 
202500 , 0.969 
202600 , 1.000 
202700 , 0.969 
202800 , 0.906 
202900 , 1.000 
203000 , 1.000 
203100 , 0.969 
203200 , 0.969 
203300 , 1.000 
203400 , 0.938 
203500 , 1.000 
203600 , 0.969 
203700 , 0.938 
203800 , 0.969 
203900 , 0.938 
204000 , 0.875 
204100 , 1.000 
204200 , 0.969 
204300 , 0.969 
204400 , 1.000 
204500 , 0.969 
204600 , 0.938 
204700 , 0.938 
204800 , 1.000 
204900 , 1.000 
205000 , 0.938 
205100 , 0.875 
205200 , 1.000 
205300 , 0.969 
205400 , 1.000 
205500 , 0.969 
205600 , 1.000 
205700 , 0.844 
205800 , 1.000 
205900 , 1.000 
206000 , 1.000 
206100 , 1.000 
206200 , 0.938 
206300 , 0.938 
206400 , 0.969 
206500 , 1.000 
206600 , 1.000 
206700 , 0.969 
206800 , 0.906 
206900 , 1.000 
207000 , 1.000 
207100 , 0.969 
207200 , 1.000 
207300 , 1.000 
207400 , 1.000 
207500 , 0.969 
207600 , 0.969 
207700 , 0.906 
207800 , 0.938 
207900 , 0.969 
208000 , 1.000 
208100 , 0.969 
208200 , 0.969 
208300 , 1.000 
208400 , 1.000 
208500 , 1.000 
208600 , 1.000 
208700 , 0.906 
208800 , 1.000 
208900 , 0.969 
209000 , 1.000 
209100 , 1.000 
209200 , 1.000 
209300 , 1.000 
209400 , 0.969 
209500 , 1.000 
209600 , 1.000 
209700 , 1.000 
209800 , 0.969 
209900 , 1.000 
210000 , 0.938 
210100 , 1.000 
210200 , 1.000 
210300 , 1.000 
210400 , 0.969 
210500 , 0.969 
210600 , 1.000 
210700 , 1.000 
210800 , 1.000 
210900 , 1.000 
211000 , 1.000 
211100 , 1.000 
211200 , 0.969 
211300 , 1.000 
211400 , 1.000 
211500 , 1.000 
211600 , 1.000 
211700 , 0.969 
211800 , 0.906 
211900 , 0.906 
212000 , 0.969 
212100 , 0.969 
212200 , 0.938 
212300 , 0.969 
212400 , 1.000 
212500 , 1.000 
212600 , 0.938 
212700 , 0.938 
212800 , 0.906 
212900 , 1.000 
213000 , 1.000 
213100 , 0.969 
213200 , 0.938 
213300 , 0.969 
213400 , 1.000 
213500 , 1.000 
213600 , 1.000 
213700 , 0.938 
213800 , 0.969 
213900 , 0.906 
214000 , 0.969 
214100 , 1.000 
214200 , 0.906 
214300 , 1.000 
214400 , 1.000 
214500 , 0.969 
214600 , 1.000 
214700 , 0.906 
214800 , 0.906 
214900 , 0.938 
215000 , 0.969 
215100 , 0.938 
215200 , 0.969 
215300 , 0.969 
215400 , 1.000 
215500 , 0.938 
215600 , 0.906 
215700 , 0.969 
215800 , 1.000 
215900 , 0.969 
216000 , 1.000 
216100 , 1.000 
216200 , 1.000 
216300 , 0.969 
216400 , 0.969 
216500 , 1.000 
216600 , 0.938 
216700 , 1.000 
216800 , 1.000 
216900 , 0.938 
217000 , 0.938 
217100 , 0.906 
217200 , 0.875 
217300 , 1.000 
217400 , 0.906 
217500 , 1.000 
217600 , 0.875 
217700 , 1.000 
217800 , 1.000 
217900 , 1.000 
218000 , 0.969 
218100 , 1.000 
218200 , 1.000 
218300 , 0.938 
218400 , 1.000 
218500 , 1.000 
218600 , 0.969 
218700 , 0.875 
218800 , 0.969 
218900 , 1.000 
219000 , 0.969 
219100 , 0.969 
219200 , 1.000 
219300 , 1.000 
219400 , 1.000 
219500 , 1.000 
219600 , 0.906 
219700 , 1.000 
219800 , 0.969 
219900 , 1.000 
220000 , 0.938 
220100 , 1.000 
220200 , 0.969 
220300 , 1.000 
220400 , 1.000 
220500 , 1.000 
220600 , 1.000 
220700 , 0.844 
220800 , 1.000 
220900 , 0.969 
221000 , 0.969 
221100 , 0.969 
221200 , 0.844 
221300 , 0.969 
221400 , 0.938 
221500 , 1.000 
221600 , 1.000 
221700 , 1.000 
221800 , 1.000 
221900 , 1.000 
222000 , 1.000 
222100 , 0.969 
222200 , 1.000 
222300 , 0.969 
222400 , 1.000 
222500 , 1.000 
222600 , 1.000 
222700 , 0.875 
222800 , 0.938 
222900 , 1.000 
223000 , 0.969 
223100 , 0.969 
223200 , 1.000 
223300 , 1.000 
223400 , 0.875 
223500 , 1.000 
223600 , 0.938 
223700 , 1.000 
223800 , 0.969 
223900 , 1.000 
224000 , 1.000 
224100 , 1.000 
224200 , 1.000 
224300 , 1.000 
224400 , 0.938 
224500 , 1.000 
224600 , 0.812 
224700 , 0.969 
224800 , 0.969 
224900 , 0.969 
225000 , 1.000 
225100 , 0.938 
225200 , 0.969 
225300 , 1.000 
225400 , 0.938 
225500 , 1.000 
225600 , 0.969 
225700 , 1.000 
225800 , 1.000 
225900 , 0.969 
226000 , 0.875 
226100 , 1.000 
226200 , 0.938 
226300 , 1.000 
226400 , 1.000 
226500 , 1.000 
226600 , 0.969 
226700 , 0.938 
226800 , 0.938 
226900 , 1.000 
227000 , 1.000 
227100 , 0.938 
227200 , 0.969 
227300 , 0.969 
227400 , 0.938 
227500 , 0.938 
227600 , 1.000 
227700 , 0.969 
227800 , 0.938 
227900 , 1.000 
228000 , 1.000 
228100 , 0.969 
228200 , 0.938 
228300 , 1.000 
228400 , 0.906 
228500 , 0.812 
228600 , 1.000 
228700 , 1.000 
228800 , 1.000 
228900 , 0.938 
229000 , 0.969 
229100 , 0.969 
229200 , 1.000 
229300 , 0.969 
229400 , 1.000 
229500 , 0.969 
229600 , 1.000 
229700 , 1.000 
229800 , 1.000 
229900 , 1.000 
230000 , 0.969 
230100 , 1.000 
230200 , 1.000 
230300 , 0.938 
230400 , 1.000 
230500 , 1.000 
230600 , 1.000 
230700 , 0.844 
230800 , 0.938 
230900 , 0.969 
231000 , 1.000 
231100 , 0.938 
231200 , 1.000 
231300 , 0.969 
231400 , 1.000 
231500 , 0.969 
231600 , 0.875 
231700 , 1.000 
231800 , 0.969 
231900 , 1.000 
232000 , 0.938 
232100 , 0.938 
232200 , 0.969 
232300 , 0.938 
232400 , 1.000 
232500 , 1.000 
232600 , 1.000 
232700 , 0.969 
232800 , 0.969 
232900 , 1.000 
233000 , 0.969 
233100 , 1.000 
233200 , 1.000 
233300 , 0.969 
233400 , 1.000 
233500 , 0.906 
233600 , 0.969 
233700 , 0.969 
233800 , 0.969 
233900 , 0.938 
234000 , 0.938 
234100 , 0.969 
234200 , 1.000 
234300 , 1.000 
234400 , 1.000 
234500 , 0.812 
234600 , 0.969 
234700 , 0.969 
234800 , 1.000 
234900 , 0.969 
235000 , 1.000 
235100 , 0.969 
235200 , 1.000 
235300 , 1.000 
235400 , 1.000 
235500 , 0.969 
235600 , 0.938 
235700 , 1.000 
235800 , 1.000 
235900 , 1.000 
236000 , 0.969 
236100 , 1.000 
236200 , 0.938 
236300 , 0.969 
236400 , 0.969 
236500 , 0.938 
236600 , 0.938 
236700 , 1.000 
236800 , 0.969 
236900 , 1.000 
237000 , 0.969 
237100 , 1.000 
237200 , 0.969 
237300 , 0.969 
237400 , 0.938 
237500 , 1.000 
237600 , 0.969 
237700 , 0.906 
237800 , 0.812 
237900 , 0.969 
238000 , 0.938 
238100 , 1.000 
238200 , 1.000 
238300 , 1.000 
238400 , 1.000 
238500 , 0.969 
238600 , 1.000 
238700 , 0.969 
238800 , 1.000 
238900 , 0.938 
239000 , 0.969 
239100 , 1.000 
239200 , 1.000 
239300 , 0.969 
239400 , 1.000 
239500 , 1.000 
239600 , 1.000 
239700 , 1.000 
239800 , 0.938 
239900 , 0.938 
240000 , 0.938 
240100 , 0.969 
240200 , 1.000 
240300 , 0.906 
240400 , 0.875 
240500 , 1.000 
240600 , 1.000 
240700 , 1.000 
240800 , 0.969 
240900 , 1.000 
241000 , 1.000 
241100 , 0.969 
241200 , 1.000 
241300 , 0.906 
241400 , 0.969 
241500 , 0.969 
241600 , 1.000 
241700 , 0.938 
241800 , 0.938 
241900 , 0.969 
242000 , 1.000 
242100 , 0.969 
242200 , 0.969 
242300 , 1.000 
242400 , 1.000 
242500 , 1.000 
242600 , 0.969 
242700 , 1.000 
242800 , 0.969 
242900 , 0.906 
243000 , 0.844 
243100 , 1.000 
243200 , 0.969 
243300 , 0.938 
243400 , 0.906 
243500 , 0.938 
243600 , 0.938 
243700 , 1.000 
243800 , 0.969 
243900 , 1.000 
244000 , 0.969 
244100 , 1.000 
244200 , 0.969 
244300 , 1.000 
244400 , 0.938 
244500 , 0.969 
244600 , 0.969 
244700 , 1.000 
244800 , 0.969 
244900 , 0.969 
245000 , 0.906 
245100 , 0.906 
245200 , 0.969 
245300 , 1.000 
245400 , 1.000 
245500 , 0.969 
245600 , 0.969 
245700 , 0.938 
245800 , 1.000 
245900 , 0.875 
246000 , 1.000 
246100 , 1.000 
246200 , 1.000 
246300 , 1.000 
246400 , 1.000 
246500 , 0.969 
246600 , 1.000 
246700 , 1.000 
246800 , 1.000 
246900 , 0.969 
247000 , 0.969 
247100 , 0.969 
247200 , 0.938 
247300 , 0.969 
247400 , 0.969 
247500 , 0.906 
247600 , 1.000 
247700 , 1.000 
247800 , 1.000 
247900 , 1.000 
248000 , 1.000 
248100 , 0.969 
248200 , 0.906 
248300 , 0.938 
248400 , 0.969 
248500 , 0.969 
248600 , 0.938 
248700 , 1.000 
248800 , 0.969 
248900 , 1.000 
249000 , 0.906 
249100 , 1.000 
249200 , 0.969 
249300 , 0.969 
249400 , 1.000 
249500 , 0.969 
249600 , 1.000 
249700 , 1.000 
249800 , 0.969 
249900 , 0.969 
250000 , 1.000 
250100 , 0.969 
250200 , 1.000 
250300 , 1.000 
250400 , 0.969 
250500 , 0.969 
250600 , 1.000 
250700 , 0.844 
250800 , 1.000 
250900 , 1.000 
251000 , 0.844 
251100 , 1.000 
251200 , 0.938 
251300 , 0.969 
251400 , 1.000 
251500 , 0.969 
251600 , 0.938 
251700 , 1.000 
251800 , 1.000 
251900 , 0.969 
252000 , 1.000 
252100 , 1.000 
252200 , 0.875 
252300 , 0.906 
252400 , -0.062 
252500 , -1.000 
252600 , -1.000 
252700 , -1.000 
252800 , -1.000 
252900 , -1.000 
253000 , -0.906 
253100 , -0.969 
253200 , -0.969 
253300 , -1.000 
253400 , -1.000 
253500 , -0.938 
253600 , -1.000 
253700 , -0.969 
253800 , -1.000 
253900 , -0.906 
254000 , -1.000 
254100 , -1.000 
254200 , -1.000 
254300 , -0.969 
254400 , -0.938 
254500 , -1.000 
254600 , -0.969 
254700 , -1.000 
254800 , -1.000 
254900 , -0.781 
255000 , -0.938 
255100 , -0.969 
255200 , -0.875 
255300 , -1.000 
255400 , -0.969 
255500 , -0.969 
255600 , -1.000 
255700 , -1.000 
255800 , -1.000 
255900 , -0.969 
256000 , -1.000 
256100 , -1.000 
256200 , -0.969 
256300 , -1.000 
256400 , -0.969 
256500 , -1.000 
256600 , -1.000 
256700 , -1.000 
256800 , -1.000 
256900 , -1.000 
257000 , -1.000 
257100 , -0.969 
257200 , -1.000 
257300 , -1.000 
257400 , -0.969 
257500 , -0.938 
257600 , -0.969 
257700 , -1.000 
257800 , -0.969 
257900 , -1.000 
258000 , -1.000 
258100 , -0.906 
258200 , -0.906 
258300 , -0.969 
258400 , -0.969 
258500 , -1.000 
258600 , -1.000 
258700 , -1.000 
258800 , -0.938 
258900 , -0.969 
259000 , -1.000 
259100 , -0.969 
259200 , -0.969 
259300 , -1.000 
259400 , -1.000 
259500 , -1.000 
259600 , -1.000 
259700 , -0.938 
259800 , -0.969 
259900 , -0.938 
260000 , -1.000 
260100 , -0.938 
260200 , -0.969 
260300 , -1.000 
260400 , -0.969 
260500 , -0.938 
260600 , -1.000 
260700 , -1.000 
260800 , -1.000 
260900 , -0.875 
261000 , -0.969 
261100 , -1.000 
261200 , -0.969 
261300 , -1.000 
261400 , -1.000 
261500 , -0.969 
261600 , -0.938 
261700 , -0.938 
261800 , -1.000 
261900 , -1.000 
262000 , -0.906 
262100 , -1.000 
262200 , -1.000 
262300 , -1.000 
262400 , -1.000 
262500 , -0.938 
262600 , -1.000 
262700 , -0.969 
262800 , -0.906 
262900 , -1.000 
263000 , -0.875 
263100 , -1.000 
263200 , -0.938 
263300 , -0.938 
263400 , -1.000 
263500 , -1.000 
263600 , -1.000 
263700 , -0.938 
263800 , -0.969 
263900 , -1.000 
264000 , -0.969 
264100 , -1.000 
264200 , -1.000 
264300 , -0.875 
264400 , -0.906 
264500 , -0.969 
264600 , -0.938 
264700 , -0.844 
264800 , -1.000 
264900 , -0.938 
265000 , -0.938 
265100 , -0.969 
265200 , -1.000 
265300 , -0.938 
265400 , -1.000 
265500 , -1.000 
265600 , -0.969 
265700 , -0.875 
265800 , -1.000 
265900 , -0.969 
266000 , -1.000 
266100 , -0.969 
266200 , -1.000 
266300 , -0.906 
266400 , -1.000 
266500 , -1.000 
266600 , -1.000 
266700 , -1.000 
266800 , -0.875 
266900 , -1.000 
267000 , -1.000 
267100 , -0.969 
267200 , -0.938 
267300 , -1.000 
267400 , -0.969 
267500 , -1.000 
267600 , -0.906 
267700 , -0.969 
267800 , -1.000 
267900 , -0.969 
268000 , -0.969 
268100 , -0.969 
268200 , -0.906 
268300 , -1.000 
268400 , -0.969 
268500 , -1.000 
268600 , -0.938 
268700 , -0.906 
268800 , -0.938 
268900 , -0.875 
269000 , -1.000 
269100 , -0.938 
269200 , -0.875 
269300 , -1.000 
269400 , -0.969 
269500 , -1.000 
269600 , -1.000 
269700 , -1.000 
269800 , -1.000 
269900 , -1.000 
270000 , -0.969 
270100 , -1.000 
270200 , -1.000 
270300 , -1.000 
270400 , -1.000 
270500 , -0.938 
270600 , -1.000 
270700 , -1.000 
270800 , -1.000 
270900 , -1.000 
271000 , -0.938 
271100 , -1.000 
271200 , -1.000 
271300 , -1.000 
271400 , -1.000 
271500 , -1.000 
271600 , -0.938 
271700 , -0.938 
271800 , -1.000 
271900 , -1.000 
272000 , -0.938 
272100 , -0.969 
272200 , -0.938 
272300 , -0.938 
272400 , -0.969 
272500 , -1.000 
272600 , -0.969 
272700 , -1.000 
272800 , -0.938 
272900 , -0.938 
273000 , -0.906 
273100 , -0.969 
273200 , -1.000 
273300 , -0.906 
273400 , -1.000 
273500 , -1.000 
273600 , -1.000 
273700 , -0.969 
273800 , -1.000 
273900 , -1.000 
274000 , -1.000 
274100 , -1.000 
274200 , -1.000 
274300 , -1.000 
274400 , -0.969 
274500 , -0.938 
274600 , -0.969 
274700 , -0.969 
274800 , -1.000 
274900 , -0.969 
275000 , -0.938 
275100 , -0.969 
275200 , -1.000 
275300 , -1.000 
275400 , -0.938 
275500 , -1.000 
275600 , -1.000 
275700 , -0.938 
275800 , -0.906 
275900 , -0.969 
276000 , -0.906 
276100 , -1.000 
276200 , -0.969 
276300 , -0.969 
276400 , -0.969 
276500 , -0.969 
276600 , -0.938 
276700 , -0.969 
276800 , -0.969 
276900 , -1.000 
277000 , -0.969 
277100 , -1.000 
277200 , -1.000 
277300 , -1.000 
277400 , -1.000 
277500 , -1.000 
277600 , -1.000 
277700 , -0.938 
277800 , -0.969 
277900 , -1.000 
278000 , -1.000 
278100 , -0.938 
278200 , -1.000 
278300 , -0.969 
278400 , -0.969 
278500 , -1.000 
278600 , -0.812 
278700 , -0.969 
278800 , -1.000 
278900 , -1.000 
279000 , -1.000 
279100 , -0.969 
279200 , -0.969 
279300 , -1.000 
279400 , -0.969 
279500 , -0.969 
279600 , -0.969 
279700 , -0.969 
279800 , -0.938 
279900 , -1.000 
280000 , -1.000 
280100 , -0.969 
280200 , -1.000 
280300 , -0.969 
280400 , -0.938 
280500 , -0.906 
280600 , -0.969 
280700 , -0.969 
280800 , -0.938 
280900 , -1.000 
281000 , -0.906 
281100 , -1.000 
281200 , -0.969 
281300 , -0.906 
281400 , -0.938 
281500 , -0.969 
281600 , -1.000 
281700 , -0.969 
281800 , -1.000 
281900 , -1.000 
282000 , -1.000 
282100 , -0.906 
282200 , -1.000 
282300 , -1.000 
282400 , -1.000 
282500 , -0.938 
282600 , -1.000 
282700 , -0.969 
282800 , -1.000 
282900 , -0.969 
283000 , -0.969 
283100 , -0.969 
283200 , -0.844 
283300 , -0.969 
283400 , -0.906 
283500 , -0.875 
283600 , -1.000 
283700 , -1.000 
283800 , -1.000 
283900 , -0.938 
284000 , -1.000 
284100 , -1.000 
284200 , -1.000 
284300 , -1.000 
284400 , -1.000 
284500 , -1.000 
284600 , -1.000 
284700 , -1.000 
284800 , -0.938 
284900 , -1.000 
285000 , -1.000 
285100 , -0.938 
285200 , -1.000 
285300 , -1.000 
285400 , -1.000 
285500 , -0.906 
285600 , -1.000 
285700 , -0.938 
285800 , -0.906 
285900 , -1.000 
286000 , -0.969 
286100 , -1.000 
286200 , -0.969 
286300 , -1.000 
286400 , -1.000 
286500 , -0.969 
286600 , -1.000 
286700 , -1.000 
286800 , -1.000 
286900 , -1.000 
287000 , -0.906 
287100 , -0.969 
287200 , -0.969 
287300 , -0.969 
287400 , -1.000 
287500 , -0.969 
287600 , -0.938 
287700 , -0.906 
287800 , -1.000 
287900 , -1.000 
288000 , -1.000 
288100 , -1.000 
288200 , -0.969 
288300 , -1.000 
288400 , -1.000 
288500 , -0.969 
288600 , -1.000 
288700 , -1.000 
288800 , -1.000 
288900 , -0.969 
289000 , -0.969 
289100 , -1.000 
289200 , -0.969 
289300 , -1.000 
289400 , -1.000 
289500 , -0.969 
289600 , -0.969 
289700 , -1.000 
289800 , -0.938 
289900 , -1.000 
290000 , -0.938 
290100 , -1.000 
290200 , -1.000 
290300 , -1.000 
290400 , -1.000 
290500 , -1.000 
290600 , -1.000 
290700 , -0.969 
290800 , -1.000 
290900 , -1.000 
291000 , -1.000 
291100 , -0.844 
291200 , -0.969 
291300 , -0.938 
291400 , -0.969 
291500 , -1.000 
291600 , -1.000 
291700 , -1.000 
291800 , -0.969 
291900 , -0.969 
292000 , -0.938 
292100 , -0.875 
292200 , -0.969 
292300 , -0.844 
292400 , -1.000 
292500 , -0.969 
292600 , -0.938 
292700 , -0.969 
292800 , -0.969 
292900 , -0.969 
293000 , -1.000 
293100 , -1.000 
293200 , -0.875 
293300 , -1.000 
293400 , -1.000 
293500 , -0.969 
293600 , -0.938 
293700 , -1.000 
293800 , -0.969 
293900 , -0.969 
294000 , -0.812 
294100 , -1.000 
294200 , -1.000 
294300 , -0.875 
294400 , -0.969 
294500 , -1.000 
294600 , -1.000 
294700 , -1.000 
294800 , -0.969 
294900 , -1.000 
295000 , -1.000 
295100 , -0.969 
295200 , -1.000 
295300 , -0.844 
295400 , -0.906 
295500 , -1.000 
295600 , -0.938 
295700 , -0.969 
295800 , -0.875 
295900 , -1.000 
296000 , -1.000 
296100 , -1.000 
296200 , -0.938 
296300 , -0.969 
296400 , -0.969 
296500 , -1.000 
296600 , -1.000 
296700 , -0.969 
296800 , -1.000 
296900 , -1.000 
297000 , -1.000 
297100 , -1.000 
297200 , -0.906 
297300 , -0.969 
297400 , -0.969 
297500 , -1.000 
297600 , -1.000 
297700 , -0.969 
297800 , -1.000 
297900 , -1.000 
298000 , -0.938 
298100 , -0.938 
298200 , -0.969 
298300 , -0.844 
298400 , -0.969 
298500 , -1.000 
298600 , -0.969 
298700 , -1.000 
298800 , -1.000 
298900 , -1.000 
299000 , -0.781 
299100 , -1.000 
299200 , -1.000 
299300 , -0.969 
299400 , -1.000 
299500 , -1.000 
299600 , -1.000 
299700 , -1.000 
299800 , -0.969 
299900 , -1.000 
300000 , -1.000 
300100 , -0.938 
300200 , -1.000 
300300 , -0.969 
300400 , -0.969 
300500 , -1.000 
300600 , -1.000 
300700 , -0.906 
300800 , -1.000 
300900 , -0.969 
301000 , -1.000 
301100 , -1.000 
301200 , -0.969 
301300 , -1.000 
301400 , -1.000 
301500 , -1.000 
301600 , -1.000 
301700 , -1.000 
301800 , -0.969 
301900 , -1.000 
302000 , -0.938 
302100 , -1.000 
302200 , -1.000 
302300 , -1.000 
302400 , -0.844 
302500 , -0.969 
302600 , -0.844 
302700 , -0.938 
302800 , -0.938 
302900 , -0.938 
303000 , -1.000 
303100 , -0.938 
303200 , -0.938 
303300 , -0.844 
303400 , -1.000 
303500 , -1.000 
303600 , -0.969 
303700 , -0.938 
303800 , -1.000 
303900 , -1.000 
304000 , -1.000 
304100 , -1.000 
304200 , -0.969 
304300 , -0.969 
304400 , -1.000 
304500 , -1.000 
304600 , -0.969 
304700 , -1.000 
304800 , -0.969 
304900 , -1.000 
305000 , -0.844 
305100 , -0.938 
305200 , -0.969 
305300 , -0.969 
305400 , -0.938 
305500 , -0.969 
305600 , -0.969 
305700 , -0.969 
305800 , -0.938 
305900 , -1.000 
306000 , -1.000 
306100 , -0.906 
306200 , -1.000 
306300 , -0.938 
306400 , -0.969 
306500 , -0.875 
306600 , -1.000 
306700 , -0.969 
306800 , -0.938 
306900 , -0.938 
307000 , -1.000 
307100 , -0.750 
307200 , -1.000 
307300 , -0.938 
307400 , -0.969 
307500 , -0.938 
307600 , -0.938 
307700 , -1.000 
307800 , -1.000 
307900 , -0.906 
308000 , -0.938 
308100 , -0.969 
308200 , -1.000 
308300 , -0.938 
308400 , -1.000 
308500 , -0.906 
308600 , -1.000 
308700 , -1.000 
308800 , -0.938 
308900 , -1.000 
309000 , -1.000 
309100 , -0.844 
309200 , -0.969 
309300 , -0.906 
309400 , -0.969 
309500 , -0.938 
309600 , -1.000 
309700 , -1.000 
309800 , -0.875 
309900 , -1.000 
310000 , -1.000 
310100 , -0.938 
310200 , -0.906 
310300 , -0.938 
310400 , -0.969 
310500 , -1.000 
310600 , -0.969 
310700 , -1.000 
310800 , -1.000 
310900 , -1.000 
311000 , -0.969 
311100 , -1.000 
311200 , -0.938 
311300 , -1.000 
311400 , -1.000 
311500 , -0.969 
311600 , -0.969 
311700 , -0.938 
311800 , -0.969 
311900 , -1.000 
312000 , -0.938 
312100 , -0.906 
312200 , -0.938 
312300 , -0.969 
312400 , -0.938 
312500 , -1.000 
312600 , -0.938 
312700 , -0.969 
312800 , -0.969 
312900 , -1.000 
313000 , -0.969 
313100 , -0.969 
313200 , -0.875 
313300 , -1.000 
313400 , -0.906 
313500 , -0.969 
313600 , -0.969 
313700 , -0.969 
313800 , -0.969 
313900 , -1.000 
314000 , -1.000 
314100 , -0.969 
314200 , -1.000 
314300 , -0.969 
314400 , -1.000 
314500 , -0.938 
314600 , -1.000 
314700 , -1.000 
314800 , -1.000 
314900 , -1.000 
315000 , -1.000 
315100 , -1.000 
315200 , -0.969 
315300 , -0.969 
315400 , -0.969 
315500 , -0.938 
315600 , -0.938 
315700 , -0.938 
315800 , -0.844 
315900 , -1.000 
316000 , -0.969 
316100 , -1.000 
316200 , -0.969 
316300 , -1.000 
316400 , -0.906 
316500 , -0.938 
316600 , -0.969 
316700 , -0.969 
316800 , -1.000 
316900 , -0.906 
317000 , -0.969 
317100 , -1.000 
317200 , -1.000 
317300 , -0.969 
317400 , -0.969 
317500 , -1.000 
317600 , -1.000 
317700 , -1.000 
317800 , -0.969 
317900 , -0.969 
318000 , -1.000 
318100 , -0.969 
318200 , -1.000 
318300 , -0.969 
318400 , -1.000 
318500 , -1.000 
318600 , -1.000 
318700 , -1.000 
318800 , -0.969 
318900 , -1.000 
319000 , -1.000 
319100 , -0.906 
319200 , -0.844 
319300 , -0.906 
319400 , -0.906 
319500 , -0.906 
319600 , -0.938 
319700 , -0.938 
319800 , -0.938 
319900 , -1.000 
320000 , -0.969 
320100 , -1.000 
320200 , -1.000 
320300 , -0.938 
320400 , -0.969 
320500 , -0.938 
320600 , -0.969 
320700 , -0.938 
320800 , -0.875 
320900 , -1.000 
321000 , -1.000 
321100 , -0.938 
321200 , -1.000 
321300 , -1.000 
321400 , -0.969 
321500 , -1.000 
321600 , -0.969 
321700 , -0.938 
321800 , -0.906 
321900 , -0.938 
322000 , -1.000 
322100 , -0.969 
322200 , -1.000 
322300 , -0.969 
322400 , -0.969 
322500 , -1.000 
322600 , -0.938 
322700 , -0.906 
322800 , -0.969 
322900 , -1.000 
323000 , -1.000 
323100 , -0.938 
323200 , -1.000 
323300 , -0.812 
323400 , -0.938 
323500 , -1.000 
323600 , -0.969 
323700 , -1.000 
323800 , -0.875 
323900 , -0.969 
324000 , -0.938 
324100 , -1.000 
324200 , -0.969 
324300 , -0.969 
324400 , -0.969 
324500 , -1.000 
324600 , -0.969 
324700 , -1.000 
324800 , -1.000 
324900 , -1.000 
325000 , -0.969 
325100 , -0.875 
325200 , -0.969 
325300 , -0.969 
325400 , -0.969 
325500 , -1.000 
325600 , -1.000 
325700 , -1.000 
325800 , -1.000 
325900 , -1.000 
326000 , -0.969 
326100 , -1.000 
326200 , -1.000 
326300 , -0.969 
326400 , -0.969 
326500 , -0.969 
326600 , -0.969 
326700 , -1.000 
326800 , -1.000 
326900 , -1.000 
327000 , -1.000 
327100 , -1.000 
327200 , -0.969 
327300 , -1.000 
327400 , -1.000 
327500 , -0.938 
327600 , -1.000 
327700 , -1.000 
327800 , -0.969 
327900 , -0.938 
328000 , -0.969 
328100 , -0.969 
328200 , -1.000 
328300 , -0.938 
328400 , -1.000 
328500 , -0.906 
328600 , -0.938 
328700 , -1.000 
328800 , -0.969 
328900 , -1.000 
329000 , -1.000 
329100 , -0.906 
329200 , -0.969 
329300 , -1.000 
329400 , -1.000 
329500 , -1.000 
329600 , -1.000 
329700 , -0.969 
329800 , -0.969 
329900 , -0.875 
330000 , -0.969 
330100 , -0.969 
330200 , -1.000 
330300 , -1.000 
330400 , -1.000 
330500 , -0.969 
330600 , -0.969 
330700 , -1.000 
330800 , -1.000 
330900 , -1.000 
331000 , -1.000 
331100 , -0.969 
331200 , -1.000 
331300 , -0.969 
331400 , -0.969 
331500 , -0.906 
331600 , -1.000 
331700 , -0.812 
331800 , -0.969 
331900 , -0.938 
332000 , -0.969 
332100 , -1.000 
332200 , -0.969 
332300 , -0.969 
332400 , -0.938 
332500 , -0.938 
332600 , -0.812 
332700 , -0.969 
332800 , -1.000 
332900 , -1.000 
333000 , -0.875 
333100 , -1.000 
333200 , -1.000 
333300 , -1.000 
333400 , -1.000 
333500 , -0.938 
333600 , -1.000 
333700 , -1.000 
333800 , -1.000 
333900 , -0.875 
334000 , -1.000 
334100 , -1.000 
334200 , -0.969 
334300 , -1.000 
334400 , -0.938 
334500 , -1.000 
334600 , -1.000 
334700 , -1.000 
334800 , -0.938 
334900 , -1.000 
335000 , -0.938 
335100 , -1.000 
335200 , -1.000 
335300 , -0.938 
335400 , -0.969 
335500 , -1.000 
335600 , -1.000 
335700 , -0.906 
335800 , -1.000 
335900 , -1.000 
336000 , -0.938 
336100 , -1.000 
336200 , -1.000 
336300 , -0.938 
336400 , -0.875 
336500 , -1.000 
336600 , -1.000 
336700 , -1.000 
336800 , -1.000 
336900 , -0.844 
337000 , -1.000 
337100 , -1.000 
337200 , -0.969 
337300 , -1.000 
337400 , -1.000 
337500 , -1.000 
337600 , -1.000 
337700 , -1.000 
337800 , -0.938 
337900 , -1.000 
338000 , -1.000 
338100 , -1.000 
338200 , -0.938 
338300 , -1.000 
338400 , -1.000 
338500 , -0.906 
338600 , -0.969 
338700 , -0.969 
338800 , -0.969 
338900 , -0.969 
339000 , -0.969 
339100 , -1.000 
339200 , -1.000 
339300 , -0.969 
339400 , -1.000 
339500 , -0.969 
339600 , -1.000 
339700 , -0.969 
339800 , -1.000 
339900 , -0.969 
340000 , -1.000 
340100 , -1.000 
340200 , -0.906 
340300 , -1.000 
340400 , -0.938 
340500 , -0.969 
340600 , -1.000 
340700 , -0.969 
340800 , -0.938 
340900 , -0.969 
341000 , -0.969 
341100 , -0.938 
341200 , -1.000 
341300 , -0.844 
341400 , -1.000 
341500 , -0.875 
341600 , -1.000 
341700 , -1.000 
341800 , -1.000 
341900 , -1.000 
342000 , -1.000 
342100 , -0.969 
342200 , -0.844 
342300 , -0.969 
342400 , -1.000 
342500 , -1.000 
342600 , -0.906 
342700 , -0.875 
342800 , -0.969 
342900 , -1.000 
343000 , -1.000 
343100 , -1.000 
343200 , -0.938 
343300 , -0.969 
343400 , -1.000 
343500 , -1.000 
343600 , -0.938 
343700 , -0.969 
343800 , -0.938 
343900 , -1.000 
344000 , -1.000 
344100 , -0.938 
344200 , -0.969 
344300 , -0.969 
344400 , -0.938 
344500 , -1.000 
344600 , -1.000 
344700 , -0.969 
344800 , -1.000 
344900 , -0.969 
345000 , -1.000 
345100 , -1.000 
345200 , -0.844 
345300 , -0.969 
345400 , -1.000 
345500 , -0.969 
345600 , -0.969 
345700 , -0.969 
345800 , -0.969 
345900 , -1.000 
346000 , -1.000 
346100 , -1.000 
346200 , -1.000 
346300 , -1.000 
346400 , -0.969 
346500 , -1.000 
346600 , -1.000 
346700 , -0.969 
346800 , -1.000 
346900 , -1.000 
347000 , -0.969 
347100 , -1.000 
347200 , -0.969 
347300 , -0.938 
347400 , -0.969 
347500 , -0.812 
347600 , -0.969 
347700 , -1.000 
347800 , -0.969 
347900 , -1.000 
348000 , -1.000 
348100 , -0.938 
348200 , -1.000 
348300 , -0.969 
348400 , -1.000 
348500 , -1.000 
348600 , -0.969 
348700 , -1.000 
348800 , -0.969 
348900 , -1.000 
349000 , -1.000 
349100 , -0.938 
349200 , -1.000 
349300 , -0.969 
349400 , -1.000 
349500 , -0.969 
349600 , -1.000 
349700 , -1.000 
349800 , -0.969 
349900 , -0.969 
350000 , -1.000 
350100 , -0.906 
350200 , -1.000 
350300 , -0.875 
350400 , -1.000 
350500 , -1.000 
350600 , -1.000 
350700 , -0.969 
350800 , -1.000 
350900 , -1.000 
351000 , -1.000 
351100 , -0.969 
351200 , -1.000 
351300 , -1.000 
351400 , -0.969 
351500 , -1.000 
351600 , -1.000 
351700 , -0.969 
351800 , -0.875 
351900 , -0.875 
352000 , -1.000 
352100 , -0.969 
352200 , -0.719 
352300 , -0.875 
352400 , -0.938 
352500 , -0.938 
352600 , -0.938 
352700 , -0.938 
352800 , -0.938 
352900 , -1.000 
353000 , -0.969 
353100 , -1.000 
353200 , -0.969 
353300 , -0.906 
353400 , -0.969 
353500 , -1.000 
353600 , -0.969 
353700 , -0.875 
353800 , -0.969 
353900 , -0.969 
354000 , -1.000 
354100 , -0.938 
354200 , -0.969 
354300 , -1.000 
354400 , -1.000 
354500 , -0.969 
354600 , -0.969 
354700 , -0.969 
354800 , -1.000 
354900 , -1.000 
355000 , -1.000 
355100 , -0.969 
355200 , -0.969 
355300 , -1.000 
355400 , -0.938 
355500 , -0.969 
355600 , -1.000 
355700 , -0.938 
355800 , -0.969 
355900 , -1.000 
356000 , -0.969 
356100 , -1.000 
356200 , -1.000 
356300 , -1.000 
356400 , -1.000 
356500 , -0.969 
356600 , -0.969 
356700 , -0.906 
356800 , -0.969 
356900 , -0.969 
357000 , -0.938 
357100 , -1.000 
357200 , -1.000 
357300 , -0.969 
357400 , -1.000 
357500 , -1.000 
357600 , -1.000 
357700 , -1.000 
357800 , -1.000 
357900 , -1.000 
358000 , -1.000 
358100 , -1.000 
358200 , -0.906 
358300 , -1.000 
358400 , -0.938 
358500 , -1.000 
358600 , -1.000 
358700 , -0.938 
358800 , -1.000 
358900 , -0.969 
359000 , -0.969 
359100 , -1.000 
359200 , -0.875 
359300 , -0.938 
359400 , -0.969 
359500 , -1.000 
359600 , -1.000 
359700 , -1.000 
359800 , -0.969 
359900 , -0.938 
360000 , -0.938 
360100 , -0.938 
360200 , -1.000 
360300 , -0.969 
360400 , -0.938 
360500 , -1.000 
360600 , -0.969 
360700 , -1.000 
360800 , -0.938 
360900 , -0.938 
361000 , -0.969 
361100 , -0.969 
361200 , -0.969 
361300 , -0.969 
361400 , -0.812 
361500 , -0.969 
361600 , -1.000 
361700 , -0.938 
361800 , -0.969 
361900 , -1.000 
362000 , -0.969 
362100 , -0.938 
362200 , -0.938 
362300 , -0.969 
362400 , -0.969 
362500 , -0.969 
362600 , -0.969 
362700 , -0.969 
362800 , -0.969 
362900 , -0.969 
363000 , -0.969 
363100 , -1.000 
363200 , -0.969 
363300 , -0.938 
363400 , -0.875 
363500 , -0.938 
363600 , -1.000 
363700 , -0.969 
363800 , -0.969 
363900 , -1.000 
364000 , -1.000 
364100 , -0.969 
364200 , -0.938 
364300 , -1.000 
364400 , -1.000 
364500 , -0.906 
364600 , -1.000 
364700 , -1.000 
364800 , -0.969 
364900 , -1.000 
365000 , -1.000 
365100 , -0.969 
365200 , -0.875 
365300 , -1.000 
365400 , -0.906 
365500 , -1.000 
365600 , -0.969 
365700 , -0.938 
365800 , -1.000 
365900 , -1.000 
366000 , -1.000 
366100 , -1.000 
366200 , -0.906 
366300 , -0.969 
366400 , -1.000 
366500 , -1.000 
366600 , -0.969 
366700 , -0.969 
366800 , -0.969 
366900 , -0.969 
367000 , -1.000 
367100 , -1.000 
367200 , -0.969 
367300 , -0.938 
367400 , -0.938 
367500 , -1.000 
367600 , -0.938 
367700 , -1.000 
367800 , -1.000 
367900 , -1.000 
368000 , -1.000 
368100 , -0.969 
368200 , -0.906 
368300 , -0.969 
368400 , -1.000 
368500 , -1.000 
368600 , -0.969 
368700 , -1.000 
368800 , -1.000 
368900 , -0.969 
369000 , -0.938 
369100 , -1.000 
369200 , -0.938 
369300 , -0.938 
369400 , -1.000 
369500 , -1.000 
369600 , -1.000 
369700 , -0.938 
369800 , -1.000 
369900 , -0.906 
370000 , -0.969 
370100 , -1.000 
370200 , -0.969 
370300 , -1.000 
370400 , -0.875 
370500 , -1.000 
370600 , -1.000 
370700 , -1.000 
370800 , -1.000 
370900 , -0.969 
371000 , -0.969 
371100 , -1.000 
371200 , -1.000 
371300 , -0.906 
371400 , -1.000 
371500 , -0.938 
371600 , -0.969 
371700 , -0.969 
371800 , -1.000 
371900 , -1.000 
372000 , -1.000 
372100 , -1.000 
372200 , -1.000 
372300 , -0.906 
372400 , -0.969 
372500 , -1.000 
372600 , -1.000 
372700 , -1.000 
372800 , -0.969 
372900 , -0.938 
373000 , -0.969 
373100 , -1.000 
373200 , -1.000 
373300 , -1.000 
373400 , -0.969 
373500 , -1.000 
373600 , -1.000 
373700 , -0.969 
373800 , -0.969 
373900 , -0.969 
374000 , -1.000 
374100 , -1.000 
374200 , -0.906 
374300 , -0.938 
374400 , -0.938 
374500 , -1.000 
374600 , -1.000 
374700 , -0.969 
374800 , -0.969 
374900 , -0.938 
375000 , -0.938 
375100 , -0.969 
375200 , -0.875 
375300 , -0.938 
375400 , -1.000 
375500 , -1.000 
375600 , -1.000 
375700 , -0.969 
375800 , -1.000 
375900 , -1.000 
376000 , -1.000 
376100 , -1.000 
376200 , -1.000 
376300 , -0.906 
376400 , -0.969 
376500 , -0.844 
376600 , -1.000 
376700 , -1.000 
376800 , -1.000 
376900 , -0.906 
377000 , -0.969 
377100 , -0.938 
377200 , -1.000 
377300 , -1.000 
377400 , -0.969 
377500 , -0.938 
377600 , -1.000 
377700 , -1.000 
377800 , -1.000 
377900 , -1.000 
378000 , -0.969 
378100 , -1.000 
378200 , -1.000 
378300 , -0.969 
378400 , -1.000 
378500 , -0.906 
378600 , -1.000 
378700 , -0.969 
378800 , -1.000 
378900 , -1.000 
379000 , -0.969 
379100 , -0.812 
379200 , -1.000 
379300 , -1.000 
379400 , -1.000 
379500 , -1.000 
379600 , -1.000 
379700 , -0.844 
379800 , -1.000 
379900 , -1.000 
380000 , -0.969 
380100 , -1.000 
380200 , -1.000 
380300 , -0.875 
380400 , -1.000 
380500 , -1.000 
380600 , -1.000 
380700 , -0.969 
380800 , -0.938 
380900 , -1.000 
381000 , -0.969 
381100 , -0.875 
381200 , -0.969 
381300 , -1.000 
381400 , -1.000 
381500 , -1.000 
381600 , -0.969 
381700 , -0.969 
381800 , -0.969 
381900 , -0.938 
382000 , -0.938 
382100 , -0.938 
382200 , -1.000 
382300 , -0.969 
382400 , -0.938 
382500 , -0.969 
382600 , -1.000 
382700 , -1.000 
382800 , -0.844 
382900 , -1.000 
383000 , -0.938 
383100 , -1.000 
383200 , -1.000 
383300 , -1.000 
383400 , -0.938 
383500 , -1.000 
383600 , -0.969 
383700 , -1.000 
383800 , -0.969 
383900 , -0.969 
384000 , -0.969 
384100 , -0.875 
384200 , -0.969 
384300 , -1.000 
384400 , -0.875 
384500 , -0.938 
384600 , -0.875 
384700 , -1.000 
384800 , -1.000 
384900 , -0.906 
385000 , -1.000 
385100 , -1.000 
385200 , -1.000 
385300 , -1.000 
385400 , -0.969 
385500 , -1.000 
385600 , -0.969 
385700 , -1.000 
385800 , -0.938 
385900 , -0.969 
386000 , -1.000 
386100 , -0.969 
386200 , -0.875 
386300 , -0.844 
386400 , -1.000 
386500 , -1.000 
386600 , -0.906 
386700 , -0.969 
386800 , -1.000 
386900 , -1.000 
387000 , -0.969 
387100 , -0.969 
387200 , -0.938 
387300 , -1.000 
387400 , -0.969 
387500 , -0.938 
387600 , -1.000 
387700 , -0.969 
387800 , -1.000 
387900 , -1.000 
388000 , -1.000 
388100 , -1.000 
388200 , -0.969 
388300 , -0.938 
388400 , -1.000 
388500 , -1.000 
388600 , -0.969 
388700 , -1.000 
388800 , -0.938 
388900 , -0.906 
389000 , -0.938 
389100 , -1.000 
389200 , -0.875 
389300 , -0.969 
389400 , -0.906 
389500 , -0.906 
389600 , -1.000 
389700 , -0.812 
389800 , -1.000 
389900 , -0.938 
390000 , -1.000 
390100 , -0.969 
390200 , -0.844 
390300 , -1.000 
390400 , -1.000 
390500 , -0.938 
390600 , -0.969 
390700 , -1.000 
390800 , -1.000 
390900 , -1.000 
391000 , -1.000 
391100 , -1.000 
391200 , -0.906 
391300 , -0.969 
391400 , -1.000 
391500 , -1.000 
391600 , -0.969 
391700 , -1.000 
391800 , -0.969 
391900 , -1.000 
392000 , -0.875 
392100 , -1.000 
392200 , -1.000 
392300 , -1.000 
392400 , -0.969 
392500 , -0.781 
392600 , -1.000 
392700 , -0.969 
392800 , -1.000 
392900 , -0.938 
393000 , -0.969 
393100 , -0.906 
393200 , -0.969 
393300 , -1.000 
393400 , -0.969 
393500 , -1.000 
393600 , -1.000 
393700 , -0.969 
393800 , -0.938 
393900 , -0.906 
394000 , -1.000 
394100 , -1.000 
394200 , -0.969 
394300 , -0.969 
394400 , -0.969 
394500 , -0.969 
394600 , -0.938 
394700 , -0.938 
394800 , -1.000 
394900 , -1.000 
395000 , -1.000 
395100 , -1.000 
395200 , -1.000 
395300 , -0.938 
395400 , -0.938 
395500 , -0.969 
395600 , -0.906 
395700 , -0.969 
395800 , -1.000 
395900 , -0.969 
396000 , -0.969 
396100 , -1.000 
396200 , -0.969 
396300 , -0.969 
396400 , -0.969 
396500 , -1.000 
396600 , -1.000 
396700 , -0.969 
396800 , -0.969 
396900 , -0.969 
397000 , -0.938 
397100 , -1.000 
397200 , -1.000 
397300 , -0.938 
397400 , -0.969 
397500 , -0.969 
397600 , -0.969 
397700 , -0.969 
397800 , -1.000 
397900 , -0.938 
398000 , -1.000 
398100 , -1.000 
398200 , -1.000 
398300 , -0.938 
398400 , -0.969 
398500 , -0.906 
398600 , -0.906 
398700 , -1.000 
398800 , -0.969 
398900 , -0.969 
399000 , -0.969 
399100 , -0.969 
399200 , -1.000 
399300 , -1.000 
399400 , -0.969 
399500 , -0.969 
399600 , -0.938 
399700 , -0.938 
399800 , -0.938 
399900 , -1.000 
