0.000 , 1.000 
 0.200 , 1.000 
 0.400 , 1.000 
 0.600 , 1.000 
 0.800 , 1.000 
 1.000 , 0.999 
 1.200 , 0.997 
 1.250 , 0.996 
 1.300 , 0.995 
 1.350 , 0.993 
 1.400 , 0.991 
 1.450 , 0.989 
 1.500 , 0.986 
 1.550 , 0.983 
 1.600 , 0.979 
 1.650 , 0.975 
 1.700 , 0.970 
 1.750 , 0.964 
 1.800 , 0.958 
 1.850 , 0.948 
 1.900 , 0.938 
 1.950 , 0.925 
 2.000 , 0.911 
 2.050 , 0.892 
 2.100 , 0.867 
 2.150 , 0.837 
 2.200 , 0.794 
 2.250 , 0.721 
 2.300 , 0.630 
 2.350 , 0.546 
 2.400 , 0.460 
 2.450 , 0.367 
 2.500 , 0.322 
 2.550 , 0.284 
 2.600 , 0.249 
 2.650 , 0.222 
 2.700 , 0.197 
 2.750 , 0.182 
 2.950 , 0.142 
 3.150 , 0.122 
 3.350 , 0.106 
 3.550 , 0.096 
 3.750 , 0.090 
 3.950 , 0.084 
 4.150 , 0.080 
 4.350 , 0.079 
 4.550 , 0.071 
 4.750 , 0.068 
 4.950 , 0.069 
 5.150 , 0.066 
 5.350 , 0.063 
 5.550 , 0.063 
 5.750 , 0.061 
 5.950 , 0.061 
 6.150 , 0.060 
 6.350 , 0.057 
 6.550 , 0.058 
 6.750 , 0.058 
 6.950 , 0.055 
 7.100 , 0.056 
 7.400 , 0.055 
 7.700 , 0.055 
 8.000 , 0.054 
 8.300 , 0.053 
 8.600 , 0.053 
 8.900 , 0.053 
 9.200 , 0.050 
 9.500 , 0.051 
 9.800 , 0.049 
 10.100 , 0.049 
