 0.000 , 1.000 
 0.200 , 1.000 
 0.400 , 1.000 
 0.600 , 1.000 
 0.800 , 1.000 
 1.000 , 0.999 
 1.200 , 0.997 
 1.250 , 0.996 
 1.300 , 0.995 
 1.350 , 0.993 
 1.400 , 0.991 
 1.450 , 0.989 
 1.500 , 0.987 
 1.550 , 0.983 
 1.600 , 0.980 
 1.650 , 0.975 
 1.700 , 0.970 
 1.750 , 0.964 
 1.800 , 0.957 
 1.850 , 0.948 
 1.900 , 0.938 
 1.950 , 0.926 
 2.000 , 0.912 
 2.050 , 0.893 
 2.100 , 0.869 
 2.150 , 0.836 
 2.200 , 0.785 
 2.220 , 0.754 
 2.240 , 0.711 
 2.260 , 0.639 
 2.280 , 0.516 
 2.300 , 0.380 
 2.320 , 0.292 
 2.340 , 0.213 
 2.360 , 0.174 
 2.380 , 0.147 
 2.400 , 0.127 
 2.420 , 0.110 
 2.450 , 0.159 
 2.500 , 0.123 
 2.550 , 0.112 
 2.600 , 0.097 
 2.650 , 0.086 
 2.700 , 0.079 
 2.750 , 0.070 
 2.950 , 0.057 
 3.150 , 0.048 
 3.350 , 0.042 
 3.550 , 0.039 
 3.750 , 0.035 
 3.950 , 0.033 
 4.150 , 0.033 
 4.350 , 0.030 
 4.550 , 0.029 
 4.750 , 0.028 
 4.950 , 0.027 
 5.150 , 0.026 
 5.350 , 0.025 
 5.550 , 0.026 
 5.750 , 0.025 
 5.950 , 0.024 
 6.150 , 0.023 
 6.350 , 0.023 
 6.550 , 0.023 
 6.750 , 0.023 
 6.950 , 0.022 
 7.100 , 0.022 
 7.400 , 0.022 
 7.700 , 0.021 
 8.000 , 0.021 
 8.300 , 0.021 
 8.600 , 0.021 
 8.900 , 0.021 
 9.200 , 0.022 
 9.500 , 0.021 
 9.800 , 0.021 
 10.100 , 0.021 
 10.400 , 0.021 
