 0.000 , 1.000 
 0.200 , 1.000 
 0.400 , 1.000 
 0.600 , 1.000 
 0.800 , 1.000 
 1.000 , 0.999 
 1.200 , 0.997 
 1.250 , 0.996 
 1.300 , 0.995 
 1.350 , 0.993 
 1.400 , 0.992 
 1.450 , 0.988 
 1.500 , 0.987 
 1.550 , 0.983 
 1.600 , 0.980 
 1.650 , 0.976 
 1.700 , 0.969 
 1.750 , 0.962 
 1.800 , 0.956 
 1.850 , 0.950 
 1.900 , 0.937 
 1.950 , 0.928 
 2.000 , 0.918 
 2.050 , 0.902 
 2.100 , 0.883 
 2.150 , 0.860 
 2.200 , 0.849 
 2.250 , 0.833 
 2.300 , 0.822 
 2.350 , 0.792 
 2.400 , 0.766 
 2.450 , 0.741 
 2.500 , 0.716 
 2.550 , 0.696 
 2.600 , 0.669 
 2.650 , 0.658 
 2.700 , 0.616 
 2.750 , 0.612 
 2.950 , 0.533 
 3.150 , 0.482 
 3.350 , 0.429 
 3.550 , 0.398 
 3.750 , 0.376 
 3.950 , 0.344 
 4.150 , 0.340 
 4.350 , 0.310 
 4.550 , 0.304 
 4.750 , 0.279 
 4.950 , 0.274 
 5.150 , 0.267 
 5.350 , 0.261 
 5.550 , 0.258 
 5.750 , 0.260 
 5.950 , 0.256 
 6.150 , 0.241 
 6.350 , 0.236 
 6.550 , 0.232 
 6.750 , 0.230 
 6.950 , 0.229 
 7.100 , 0.224 
 7.400 , 0.224 
 7.700 , 0.217 
 8.000 , 0.208 
 8.300 , 0.210 
 8.600 , 0.209 
 8.900 , 0.202 
 9.200 , 0.212 
 9.500 , 0.209 
 9.800 , 0.205 
 10.100 , 0.201 
 10.400 , 0.195 
 10.700 , 0.199 
 11.000 , 0.192 
 11.300 , 0.195 
 11.600 , 0.194 
