 0.000 , 1.000 
 0.300 , 1.000 
 0.600 , 1.000 
 0.900 , 1.000 
 1.200 , 0.997 
 1.500 , 0.986 
 1.600 , 0.982 
 1.700 , 0.968 
 1.800 , 0.956 
 1.900 , 0.934 
 2.000 , 0.910 
 2.100 , 0.892 
 2.200 , 0.848 
 2.300 , 0.817 
 2.400 , 0.764 
 2.500 , 0.711 
 2.600 , 0.683 
 2.700 , 0.636 
 2.800 , 0.582 
 2.900 , 0.552 
 3.000 , 0.513 
 3.100 , 0.486 
 3.200 , 0.455 
 3.500 , 0.401 
 3.800 , 0.365 
 4.100 , 0.337 
 4.400 , 0.309 
 4.700 , 0.287 
 5.000 , 0.272 
 5.300 , 0.270 
 5.600 , 0.255 
 5.900 , 0.245 
 6.200 , 0.246 
 6.500 , 0.234 
 6.800 , 0.229 
 7.100 , 0.224 
 7.400 , 0.224 
 7.700 , 0.217 
 8.000 , 0.208 
 8.300 , 0.210 
 8.600 , 0.209 
 8.900 , 0.202 
 9.200 , 0.212 
 9.500 , 0.209 
 9.800 , 0.205 
 10.100 , 0.201 
 10.400 , 0.195 
 10.700 , 0.199 
 11.000 , 0.192 
 11.300 , 0.195 
 11.600 , 0.194 
 11.900 , 0.195 
 12.200 , 0.198 
 12.500 , 0.187 
 12.800 , 0.191 
 13.100 , 0.191 
 13.400 , 0.189 
 13.700 , 0.190 
 14.000 , 0.192 
