 0.000 , 1.000 
 0.300 , 1.000 
 0.600 , 1.000 
 0.900 , 1.000 
 1.200 , 0.997 
 1.500 , 0.986 
 1.600 , 0.980 
 1.700 , 0.970 
 1.800 , 0.957 
 1.900 , 0.939 
 2.000 , 0.912 
 2.100 , 0.871 
 2.200 , 0.790 
 2.300 , 0.636 
 2.400 , 0.453 
 2.500 , 0.317 
 2.600 , 0.243 
 2.700 , 0.195 
 2.800 , 0.173 
 2.900 , 0.149 
 3.000 , 0.139 
 3.100 , 0.125 
 3.200 , 0.119 
 3.500 , 0.099 
 3.800 , 0.088 
 4.100 , 0.078 
 4.400 , 0.077 
 4.700 , 0.070 
 5.000 , 0.065 
 5.300 , 0.066 
 5.600 , 0.064 
 5.900 , 0.061 
 6.200 , 0.058 
 6.500 , 0.058 
 6.800 , 0.057 
 7.100 , 0.056 
 7.400 , 0.055 
 7.700 , 0.055 
 8.000 , 0.054 
 8.300 , 0.053 
 8.600 , 0.053 
 8.900 , 0.053 
 9.200 , 0.050 
 9.500 , 0.051 
 9.800 , 0.049 
 10.100 , 0.049 
