 0.000 , 1.000 
 0.300 , 1.000 
 0.600 , 1.000 
 0.900 , 1.000 
 1.200 , 0.997 
 1.500 , 0.987 
 1.600 , 0.980 
 1.700 , 0.970 
 1.800 , 0.957 
 1.900 , 0.938 
 2.000 , 0.911 
 2.100 , 0.869 
 2.200 , 0.785 
 2.300 , 0.386 
 2.400 , 0.127 
 2.500 , 0.080 
 2.600 , 0.059 
 2.700 , 0.048 
 2.800 , 0.043 
 2.900 , 0.037 
 3.000 , 0.034 
 3.100 , 0.032 
 3.200 , 0.030 
 3.500 , 0.025 
 3.800 , 0.022 
 4.100 , 0.020 
 4.400 , 0.019 
 4.700 , 0.018 
 5.000 , 0.017 
 5.300 , 0.016 
 5.600 , 0.016 
 5.900 , 0.015 
 6.200 , 0.015 
 6.500 , 0.014 
 6.800 , 0.014 
 7.100 , 0.014 
 7.400 , 0.014 
 7.700 , 0.014 
 8.000 , 0.013 
 8.300 , 0.014 
 8.600 , 0.013 
 8.900 , 0.013 
 9.200 , 0.013 
 9.500 , 0.012 
 9.800 , 0.013 
 10.100 , 0.013 
 10.400 , 0.012 
 10.700 , 0.012 
 11.000 , 0.012 
 11.300 , 0.012 
 11.600 , 0.012 
 11.900 , 0.012 
 12.200 , 0.012 
 12.500 , 0.012 
 12.800 , 0.012 
 13.100 , 0.011 
 13.400 , 0.012 
 13.700 , 0.012 
 14.000 , 0.012 
