 0.000 , 1.000 
 0.100 , 1.000 
 0.200 , 1.000 
 0.300 , 1.000 
 0.400 , 1.000 
 0.500 , 1.000 
 0.600 , 1.000 
 0.700 , 1.000 
 0.800 , 1.000 
 0.900 , 1.000 
 1.000 , 0.999 
 1.100 , 0.998 
 1.200 , 0.997 
 1.300 , 0.994 
 1.350 , 0.992 
 1.400 , 0.991 
 1.450 , 0.990 
 1.500 , 0.986 
 1.550 , 0.984 
 1.600 , 0.981 
 1.650 , 0.974 
 1.700 , 0.967 
 1.750 , 0.960 
 1.800 , 0.957 
 1.850 , 0.951 
 1.900 , 0.936 
 1.950 , 0.927 
 2.000 , 0.919 
 2.050 , 0.906 
 2.100 , 0.890 
 2.150 , 0.867 
 2.200 , 0.851 
 2.250 , 0.827 
 2.300 , 0.803 
 2.350 , 0.786 
 2.400 , 0.770 
 2.450 , 0.738 
 2.500 , 0.718 
 2.550 , 0.698 
 2.600 , 0.671 
 2.650 , 0.646 
 2.700 , 0.641 
 2.750 , 0.607 
 2.800 , 0.589 
 2.850 , 0.567 
 2.900 , 0.548 
 2.950 , 0.540 
 3.000 , 0.523 
 3.050 , 0.502 
 3.100 , 0.479 
 3.150 , 0.468 
 3.250 , 0.456 
 3.350 , 0.439 
 3.450 , 0.406 
 3.550 , 0.393 
 3.650 , 0.380 
 3.750 , 0.368 
 3.850 , 0.358 
 3.950 , 0.345 
