 0.000 , 1.000 
 0.100 , 1.000 
 0.200 , 1.000 
 0.300 , 1.000 
 0.400 , 1.000 
 0.500 , 1.000 
 0.600 , 1.000 
 0.700 , 1.000 
 0.800 , 1.000 
 0.900 , 1.000 
 1.000 , 0.999 
 1.100 , 0.998 
 1.200 , 0.997 
 1.300 , 0.995 
 1.350 , 0.993 
 1.400 , 0.991 
 1.450 , 0.989 
 1.500 , 0.987 
 1.550 , 0.984 
 1.600 , 0.979 
 1.650 , 0.975 
 1.700 , 0.970 
 1.750 , 0.963 
 1.800 , 0.957 
 1.850 , 0.948 
 1.900 , 0.938 
 1.950 , 0.925 
 2.000 , 0.912 
 2.050 , 0.893 
 2.100 , 0.868 
 2.150 , 0.834 
 2.200 , 0.784 
 2.250 , 0.723 
 2.300 , 0.645 
 2.350 , 0.537 
 2.400 , 0.452 
 2.450 , 0.381 
 2.500 , 0.318 
 2.550 , 0.277 
 2.600 , 0.248 
 2.650 , 0.216 
 2.700 , 0.203 
 2.750 , 0.179 
 2.800 , 0.172 
 2.850 , 0.162 
 2.900 , 0.151 
 2.950 , 0.142 
 3.000 , 0.138 
 3.050 , 0.136 
 3.100 , 0.122 
 3.150 , 0.122 
 3.250 , 0.115 
 3.350 , 0.105 
 3.450 , 0.102 
 3.550 , 0.095 
 3.650 , 0.093 
 3.750 , 0.087 
 3.850 , 0.088 
 3.950 , 0.084 
