30000 , -1.000 
31000 , -1.000 
32000 , -1.000 
33000 , -1.000 
34000 , -1.000 
35000 , -1.000 
36000 , -1.000 
37000 , -1.000 
38000 , -1.000 
39000 , -1.000 
40000 , -1.000 
41000 , -1.000 
42000 , -1.000 
43000 , -1.000 
44000 , -1.000 
45000 , -1.000 
46000 , -1.000 
47000 , -1.000 
48000 , -1.000 
49000 , -1.000 
50000 , -1.000 
51000 , -1.000 
52000 , -1.000 
53000 , -1.000 
54000 , -1.000 
55000 , -1.000 
56000 , -1.000 
57000 , -1.000 
58000 , -1.000 
59000 , -1.000 
60000 , -0.969 
61000 , -1.000 
62000 , -1.000 
63000 , -1.000 
64000 , -0.969 
65000 , -1.000 
66000 , -1.000 
67000 , -1.000 
68000 , -1.000 
69000 , -1.000 
70000 , -1.000 
71000 , -1.000 
72000 , -1.000 
73000 , -1.000 
74000 , -1.000 
75000 , -1.000 
76000 , -1.000 
77000 , -1.000 
78000 , -1.000 
79000 , -1.000 
80000 , -1.000 
81000 , -1.000 
82000 , -1.000 
83000 , -1.000 
84000 , -1.000 
85000 , -1.000 
86000 , -1.000 
87000 , -1.000 
88000 , -1.000 
89000 , -1.000 
90000 , -1.000 
91000 , -1.000 
92000 , -1.000 
93000 , -1.000 
94000 , -1.000 
95000 , -1.000 
96000 , -1.000 
97000 , -1.000 
98000 , -1.000 
99000 , -1.000 
100000 , -1.000 
101000 , -1.000 
102000 , -1.000 
103000 , -0.938 
104000 , -1.000 
105000 , -1.000 
106000 , -1.000 
107000 , -1.000 
108000 , -1.000 
109000 , -1.000 
110000 , -1.000 
111000 , -1.000 
112000 , -1.000 
113000 , -1.000 
114000 , -1.000 
115000 , -1.000 
116000 , -1.000 
117000 , -1.000 
118000 , -1.000 
119000 , -0.969 
120000 , -1.000 
121000 , -1.000 
122000 , -1.000 
123000 , -1.000 
124000 , -1.000 
125000 , -1.000 
126000 , -1.000 
127000 , -1.000 
128000 , -1.000 
129000 , -1.000 
130000 , -1.000 
131000 , -1.000 
132000 , -1.000 
133000 , -1.000 
134000 , -1.000 
135000 , -1.000 
136000 , -1.000 
137000 , -1.000 
138000 , -1.000 
139000 , -1.000 
140000 , -1.000 
141000 , -1.000 
142000 , -1.000 
143000 , -1.000 
144000 , -1.000 
145000 , -1.000 
146000 , -1.000 
147000 , -1.000 
148000 , -1.000 
149000 , -1.000 
150000 , -1.000 
151000 , -1.000 
152000 , -1.000 
153000 , -1.000 
154000 , -1.000 
155000 , -1.000 
156000 , -1.000 
157000 , -0.969 
158000 , -1.000 
159000 , -1.000 
160000 , -1.000 
161000 , -1.000 
162000 , -1.000 
163000 , -1.000 
164000 , -1.000 
165000 , -1.000 
166000 , -1.000 
167000 , -1.000 
168000 , -1.000 
169000 , -1.000 
170000 , -1.000 
171000 , -1.000 
172000 , -1.000 
173000 , -1.000 
174000 , -1.000 
175000 , -1.000 
176000 , -1.000 
177000 , -1.000 
178000 , -1.000 
179000 , -1.000 
180000 , -1.000 
181000 , -1.000 
182000 , -1.000 
183000 , -1.000 
184000 , -1.000 
185000 , -1.000 
186000 , -1.000 
187000 , -0.969 
188000 , -1.000 
189000 , -1.000 
190000 , -1.000 
191000 , -1.000 
192000 , -1.000 
193000 , -1.000 
194000 , -1.000 
195000 , -1.000 
196000 , -1.000 
197000 , -1.000 
198000 , -1.000 
199000 , -1.000 
200000 , -1.000 
201000 , -1.000 
202000 , -1.000 
203000 , -1.000 
204000 , -1.000 
205000 , -1.000 
206000 , -1.000 
207000 , -1.000 
208000 , -1.000 
209000 , -1.000 
210000 , -1.000 
211000 , -1.000 
212000 , -1.000 
213000 , -1.000 
214000 , -1.000 
215000 , -1.000 
216000 , -1.000 
217000 , -1.000 
218000 , -1.000 
219000 , -1.000 
220000 , -1.000 
221000 , -1.000 
222000 , -1.000 
223000 , -1.000 
224000 , -1.000 
225000 , -1.000 
226000 , -1.000 
227000 , -1.000 
228000 , -1.000 
229000 , -0.969 
230000 , -1.000 
231000 , -1.000 
232000 , -1.000 
233000 , -1.000 
234000 , -1.000 
235000 , -1.000 
236000 , -1.000 
237000 , -1.000 
238000 , -1.000 
239000 , -1.000 
240000 , -1.000 
241000 , -1.000 
242000 , -1.000 
243000 , -1.000 
244000 , -1.000 
245000 , -1.000 
246000 , -1.000 
247000 , -1.000 
248000 , -1.000 
249000 , -1.000 
250000 , -1.000 
251000 , -1.000 
252000 , -1.000 
253000 , -1.000 
254000 , -1.000 
255000 , -1.000 
256000 , -1.000 
257000 , -1.000 
258000 , -1.000 
259000 , -1.000 
260000 , -1.000 
261000 , -1.000 
262000 , -1.000 
263000 , -1.000 
264000 , -1.000 
265000 , -1.000 
266000 , -1.000 
267000 , -1.000 
268000 , -1.000 
269000 , -1.000 
270000 , -1.000 
271000 , -1.000 
272000 , -1.000 
273000 , -1.000 
274000 , -1.000 
2