 0.000 , 1.000 
 0.100 , 1.000 
 0.200 , 1.000 
 0.300 , 1.000 
 0.400 , 1.000 
 0.500 , 1.000 
 0.600 , 1.000 
 0.630 , 1.000 
 0.660 , 1.000 
 0.690 , 1.000 
 0.720 , 1.000 
 0.750 , 1.000 
 0.780 , 1.000 
 0.810 , 1.000 
 0.840 , 1.000 
 0.870 , 1.000 
 0.900 , 1.000 
 0.930 , 1.000 
 0.960 , 1.000 
 0.990 , 0.999 
 1.020 , 0.999 
 1.050 , 0.999 
 1.080 , 0.998 
 1.110 , 0.998 
 1.140 , 0.998 
 1.170 , 0.997 
 1.200 , 0.996 
 1.230 , 0.996 
 1.260 , 0.996 
 1.290 , 0.995 
 1.320 , 0.994 
 1.350 , 0.993 
 1.380 , 0.991 
 1.410 , 0.991 
 1.440 , 0.991 
 1.470 , 0.990 
 1.500 , 0.987 
 1.530 , 0.986 
 1.560 , 0.983 
 1.590 , 0.982 
 1.620 , 0.979 
 1.650 , 0.975 
 1.680 , 0.971 
 1.710 , 0.969 
 1.740 , 0.968 
 1.770 , 0.960 
 1.800 , 0.952 
 1.830 , 0.948 
 1.860 , 0.945 
 1.890 , 0.939 
 1.920 , 0.930 
 1.950 , 0.927 
 1.980 , 0.915 
 2.010 , 0.914 
 2.040 , 0.908 
 2.070 , 0.892 
 2.100 , 0.887 
 2.130 , 0.878 
 2.160 , 0.880 
 2.190 , 0.856 
 2.220 , 0.847 
 2.250 , 0.829 
 2.280 , 0.822 
 2.310 , 0.798 
 2.340 , 0.793 
 2.370 , 0.770 
 2.400 , 0.780 
 2.430 , 0.747 
 2.460 , 0.738 
 2.490 , 0.728 
 2.520 , 0.716 
 2.550 , 0.697 
 2.580 , 0.700 
 2.610 , 0.666 
 2.710 , 0.618 
 2.810 , 0.594 
 2.910 , 0.552 
 3.010 , 0.512 
 3.110 , 0.493 
 3.210 , 0.469 
 3.310 , 0.436 
 3.410 , 0.417 
 3.510 , 0.400 
 3.610 , 0.382 
 3.710 , 0.371 
 3.810 , 0.356 
 3.910 , 0.340 
 4.010 , 0.339 
 4.110 , 0.319 
 4.210 , 0.326 
 4.310 , 0.312 
 4.410 , 0.311 
 4.510 , 0.292 
 4.610 , 0.290 
 4.710 , 0.287 
 4.810 , 0.286 
 4.910 , 0.285 
 5.010 , 0.277 
 5.110 , 0.274 
 5.210 , 0.254 
 5.310 , 0.266 
 5.410 , 0.258 
 0.000 , 0.440 
