 0.000 , 1.000 
 0.100 , 1.000 
 0.200 , 1.000 
 0.300 , 1.000 
 0.400 , 1.000 
 0.500 , 1.000 
 0.600 , 1.000 
 0.630 , 1.000 
 0.660 , 1.000 
 0.690 , 1.000 
 0.720 , 1.000 
 0.750 , 1.000 
 0.780 , 1.000 
 0.810 , 1.000 
 0.840 , 1.000 
 0.870 , 1.000 
 0.900 , 1.000 
 0.930 , 1.000 
 0.960 , 0.999 
 0.990 , 0.999 
 1.020 , 0.999 
 1.050 , 0.999 
 1.080 , 0.999 
 1.110 , 0.998 
 1.140 , 0.998 
 1.170 , 0.998 
 1.200 , 0.997 
 1.230 , 0.997 
 1.260 , 0.996 
 1.290 , 0.995 
 1.320 , 0.994 
 1.350 , 0.993 
 1.380 , 0.992 
 1.410 , 0.991 
 1.440 , 0.990 
 1.470 , 0.988 
 1.500 , 0.986 
 1.530 , 0.985 
 1.560 , 0.982 
 1.590 , 0.980 
 1.620 , 0.978 
 1.650 , 0.975 
 1.680 , 0.972 
 1.710 , 0.970 
 1.740 , 0.966 
 1.770 , 0.962 
 1.800 , 0.956 
 1.830 , 0.953 
 1.860 , 0.948 
 1.890 , 0.940 
 1.920 , 0.933 
 1.950 , 0.926 
 1.980 , 0.917 
 2.010 , 0.908 
 2.040 , 0.898 
 2.070 , 0.883 
 2.100 , 0.866 
 2.130 , 0.851 
 2.160 , 0.831 
 2.190 , 0.802 
 2.220 , 0.770 
 2.250 , 0.723 
 2.280 , 0.680 
 2.310 , 0.624 
 2.340 , 0.561 
 2.370 , 0.511 
 2.400 , 0.438 
 2.430 , 0.418 
 2.460 , 0.365 
 2.490 , 0.330 
 2.520 , 0.303 
 2.550 , 0.282 
 2.580 , 0.257 
 2.610 , 0.239 
 2.710 , 0.200 
 2.810 , 0.170 
 2.910 , 0.153 
 3.010 , 0.139 
 3.110 , 0.123 
 3.210 , 0.116 
 3.310 , 0.114 
 3.410 , 0.105 
 3.510 , 0.095 
 3.610 , 0.101 
 3.710 , 0.092 
 3.810 , 0.086 
 3.910 , 0.083 
 4.010 , 0.084 
 4.110 , 0.078 
 4.210 , 0.082 
 4.310 , 0.075 
 4.410 , 0.072 
 4.510 , 0.073 
 4.610 , 0.072 
 4.710 , 0.070 
 4.810 , 0.072 
 4.910 , 0.070 
 5.010 , 0.066 
 5.110 , 0.068 
 5.210 , 0.065 
 5.310 , 0.066 
 5.410 , 0.066 
 0.000 , 0.325 
