 0.000 , 1.000 
 0.100 , 1.000 
 0.200 , 1.000 
 0.300 , 1.000 
 0.400 , 1.000 
 0.500 , 1.000 
 0.600 , 1.000 
 0.630 , 1.000 
 0.660 , 1.000 
 0.690 , 1.000 
 0.720 , 1.000 
 0.750 , 1.000 
 0.780 , 1.000 
 0.810 , 1.000 
 0.840 , 1.000 
 0.870 , 1.000 
 0.900 , 1.000 
 0.930 , 1.000 
 0.960 , 0.999 
 0.990 , 0.999 
 1.020 , 0.999 
 1.050 , 0.999 
 1.080 , 0.999 
 1.110 , 0.998 
 1.140 , 0.998 
 1.170 , 0.997 
 1.200 , 0.997 
 1.230 , 0.996 
 1.260 , 0.996 
 1.290 , 0.995 
 1.320 , 0.994 
 1.350 , 0.993 
 1.380 , 0.992 
 1.410 , 0.991 
 1.440 , 0.990 
 1.470 , 0.988 
 1.500 , 0.986 
 1.530 , 0.985 
 1.560 , 0.983 
 1.590 , 0.980 
 1.620 , 0.978 
 1.650 , 0.975 
 1.680 , 0.972 
 1.710 , 0.969 
 1.740 , 0.965 
 1.770 , 0.961 
 1.800 , 0.957 
 1.830 , 0.952 
 1.860 , 0.946 
 1.890 , 0.941 
 1.920 , 0.934 
 1.950 , 0.926 
 1.980 , 0.918 
 2.010 , 0.908 
 2.040 , 0.897 
 2.070 , 0.884 
 2.100 , 0.869 
 2.130 , 0.851 
 2.160 , 0.828 
 2.190 , 0.796 
 2.220 , 0.753 
 2.250 , 0.665 
 2.280 , 0.519 
 2.310 , 0.317 
 2.340 , 0.206 
 2.370 , 0.155 
 2.400 , 0.134 
 2.430 , 0.104 
 2.460 , 0.093 
 2.490 , 0.084 
 2.520 , 0.076 
 2.550 , 0.066 
 2.580 , 0.065 
 2.610 , 0.059 
 2.710 , 0.048 
 2.810 , 0.042 
 2.910 , 0.037 
 3.010 , 0.034 
 3.110 , 0.031 
 3.210 , 0.030 
 3.310 , 0.028 
 3.410 , 0.027 
 3.510 , 0.025 
 3.610 , 0.023 
 3.710 , 0.023 
 3.810 , 0.023 
 3.910 , 0.022 
 4.010 , 0.021 
 4.110 , 0.021 
 4.210 , 0.020 
 4.310 , 0.019 
 4.410 , 0.019 
 4.510 , 0.019 
 4.610 , 0.019 
 4.710 , 0.016 
 4.810 , 0.017 
 4.910 , 0.016 
 5.010 , 0.017 
 5.110 , 0.017 
 5.210 , 0.016 
 5.310 , 0.016 
 5.410 , 0.016 
 0.000 , 0.014 
