 0.000 , 1.000 
 0.200 , 1.000 
 0.400 , 1.000 
 0.600 , 1.000 
 0.630 , 1.000 
 0.660 , 1.000 
 0.690 , 1.000 
 0.720 , 1.000 
 0.750 , 1.000 
 0.780 , 1.000 
 0.810 , 1.000 
 0.840 , 1.000 
 0.870 , 1.000 
 0.900 , 1.000 
 0.930 , 1.000 
 0.960 , 0.999 
 0.990 , 0.999 
 1.020 , 0.999 
 1.050 , 0.999 
 1.080 , 0.999 
 1.110 , 0.999 
 1.140 , 0.999 
 1.170 , 0.997 
 1.200 , 0.997 
 1.230 , 0.997 
 1.260 , 0.996 
 1.290 , 0.996 
 1.320 , 0.994 
 1.350 , 0.994 
 1.380 , 0.993 
 1.410 , 0.991 
 1.440 , 0.989 
 1.470 , 0.988 
 1.500 , 0.988 
 1.530 , 0.986 
 1.560 , 0.985 
 1.590 , 0.979 
 1.620 , 0.978 
 1.650 , 0.973 
 1.680 , 0.975 
 1.710 , 0.967 
 1.740 , 0.967 
 1.770 , 0.962 
 1.800 , 0.954 
 1.830 , 0.954 
 1.860 , 0.947 
 1.890 , 0.941 
 1.920 , 0.941 
 1.950 , 0.930 
 1.980 , 0.917 
 2.010 , 0.913 
 2.040 , 0.907 
 2.070 , 0.896 
 2.100 , 0.886 
 2.130 , 0.874 
 2.160 , 0.867 
 2.190 , 0.861 
 2.220 , 0.837 
 2.250 , 0.824 
 2.280 , 0.814 
 2.310 , 0.803 
 2.340 , 0.791 
 2.370 , 0.772 
 2.400 , 0.767 
 2.430 , 0.764 
 2.460 , 0.737 
 2.490 , 0.726 
 2.520 , 0.706 
 2.550 , 0.703 
 2.580 , 0.676 
 2.610 , 0.665 
 2.810 , 0.604 
 3.010 , 0.510 
 3.210 , 0.466 
 3.410 , 0.414 
 3.610 , 0.386 
 3.810 , 0.361 
 4.010 , 0.341 
 4.210 , 0.309 
 4.410 , 0.305 
 4.610 , 0.293 
 4.810 , 0.282 
 5.010 , 0.275 
 5.210 , 0.265 
 5.410 , 0.259 
 5.610 , 0.259 
 5.810 , 0.257 
 6.010 , 0.245 
