 0.000 , 1.000 
 0.200 , 1.000 
 0.400 , 1.000 
 0.600 , 1.000 
 0.630 , 1.000 
 0.660 , 1.000 
 0.690 , 1.000 
 0.720 , 1.000 
 0.750 , 1.000 
 0.780 , 1.000 
 0.810 , 1.000 
 0.840 , 1.000 
 0.870 , 1.000 
 0.900 , 1.000 
 0.930 , 1.000 
 0.960 , 1.000 
 0.990 , 0.999 
 1.020 , 0.999 
 1.050 , 0.999 
 1.080 , 0.999 
 1.110 , 0.998 
 1.140 , 0.998 
 1.170 , 0.998 
 1.200 , 0.997 
 1.230 , 0.996 
 1.260 , 0.995 
 1.290 , 0.995 
 1.320 , 0.994 
 1.350 , 0.993 
 1.380 , 0.992 
 1.410 , 0.991 
 1.440 , 0.990 
 1.470 , 0.988 
 1.500 , 0.987 
 1.530 , 0.984 
 1.560 , 0.983 
 1.590 , 0.981 
 1.620 , 0.978 
 1.650 , 0.975 
 1.680 , 0.971 
 1.710 , 0.969 
 1.740 , 0.965 
 1.770 , 0.961 
 1.800 , 0.957 
 1.830 , 0.953 
 1.860 , 0.946 
 1.890 , 0.940 
 1.920 , 0.933 
 1.950 , 0.927 
 1.980 , 0.919 
 2.010 , 0.910 
 2.040 , 0.897 
 2.070 , 0.885 
 2.100 , 0.869 
 2.130 , 0.851 
 2.160 , 0.831 
 2.190 , 0.803 
 2.220 , 0.768 
 2.250 , 0.724 
 2.280 , 0.666 
 2.310 , 0.620 
 2.340 , 0.564 
 2.370 , 0.510 
 2.400 , 0.452 
 2.430 , 0.413 
 2.460 , 0.374 
 2.490 , 0.324 
 2.520 , 0.302 
 2.550 , 0.277 
 2.580 , 0.250 
 2.610 , 0.232 
 2.810 , 0.166 
 3.010 , 0.130 
 3.210 , 0.113 
 3.410 , 0.107 
 3.610 , 0.093 
 3.810 , 0.088 
 4.010 , 0.083 
 4.210 , 0.080 
 4.410 , 0.073 
 4.610 , 0.071 
 4.810 , 0.071 
 5.010 , 0.067 
 5.210 , 0.065 
 5.410 , 0.065 
 5.610 , 0.064 
 5.810 , 0.062 
 6.010 , 0.062 

