 0.000 , 1.000 
 0.200 , 1.000 
 0.400 , 1.000 
 0.600 , 1.000 
 0.630 , 1.000 
 0.660 , 1.000 
 0.690 , 1.000 
 0.720 , 1.000 
 0.750 , 1.000 
 0.780 , 1.000 
 0.810 , 1.000 
 0.840 , 1.000 
 0.870 , 1.000 
 0.900 , 1.000 
 0.930 , 1.000 
 0.960 , 1.000 
 0.990 , 0.999 
 1.020 , 0.999 
 1.050 , 0.999 
 1.080 , 0.999 
 1.110 , 0.998 
 1.140 , 0.998 
 1.170 , 0.998 
 1.200 , 0.997 
 1.230 , 0.996 
 1.260 , 0.996 
 1.290 , 0.995 
 1.320 , 0.994 
 1.350 , 0.993 
 1.380 , 0.992 
 1.410 , 0.991 
 1.440 , 0.990 
 1.470 , 0.988 
 1.500 , 0.986 
 1.530 , 0.985 
 1.560 , 0.982 
 1.590 , 0.981 
 1.620 , 0.978 
 1.650 , 0.975 
 1.680 , 0.972 
 1.710 , 0.969 
 1.740 , 0.966 
 1.770 , 0.961 
 1.800 , 0.957 
 1.830 , 0.952 
 1.860 , 0.946 
 1.890 , 0.941 
 1.920 , 0.934 
 1.950 , 0.926 
 1.980 , 0.918 
 2.010 , 0.908 
 2.040 , 0.896 
 2.070 , 0.883 
 2.100 , 0.869 
 2.130 , 0.852 
 2.160 , 0.828 
 2.190 , 0.799 
 2.220 , 0.752 
 2.250 , 0.673 
 2.280 , 0.530 
 2.310 , 0.330 
 2.340 , 0.212 
 2.370 , 0.155 
 2.400 , 0.128 
 2.430 , 0.107 
 2.460 , 0.092 
 2.490 , 0.083 
 2.520 , 0.077 
 2.550 , 0.068 
 2.580 , 0.062 
 2.610 , 0.060 
 2.810 , 0.040 
 3.010 , 0.034 
 3.210 , 0.028 
 3.410 , 0.025 
 3.610 , 0.024 
 3.810 , 0.021 
 4.010 , 0.021 
 4.210 , 0.019 
 4.410 , 0.019 
 4.610 , 0.017 
 4.810 , 0.017 
 5.010 , 0.017 
 5.210 , 0.016 
 5.410 , 0.016 
 5.610 , 0.016 
 5.810 , 0.016 
 6.010 , 0.015 
 6.210 , 0.015 
 6.410 , 0.015 
 6.610 , 0.014 
 6.810 , 0.014 
 7.010 , 0.014 

